0000000000000011111111112222233334444556666777777775567777777777444444
0000000000000000111111111112222333344455666777777777556777777777644444
0000000000000000000011111111122222333455566677777778755777777777744444
0000000000000000000000000111111122233345556677777787865577777777754444
0000000000000000000000000000001111223334556777777787863377777777754444
0000000000000000000134556665544333333344567788888887851477777777754444
0000000000000000256788888888888887777777778888888888720677777777754444
0000000000000036888888888888888887788888888888888887204777777777644444
0000000000001588888888888888888877777788888888888862037777777777444444
0000000000027888888888888888888888888888888888888711577777777773244444
0000000000278888888888778888888888888888888888777436777777777740244444
0000000001788888888877777777777788888888888888876677777777777300244444
3100000005888888888777777777777777888888888877666777777777762000144444
4310000027888888887677777777777777777777776666667777777776300000144444
4441000048888888886777777777766543221113566666677777777531000000044444
4444100068888888876777777776654322110000124566676665431000000000034444
4444410068888888877777777766554322111000000011121110000000000000024444
4444431068888888877777777666554422111100000000000000000000000000014444
4444443058888888887777776666554432211110000000000000000000000000002444
