0000278888888888888888888888888888888888610000005888888888104888888888
0005888888888888753221111224578888888888883000005888888888104888888888
0068888888888741012456665542102588888888888400005888888888104888888888
0688888888884003688888888888752015888888888840005888888888104888888888
3888888888720278888888888888888610488888888881005888888888104888888888
7888888888202888888888888888888871048888888885005888888888104888888888
8888888886007888888888788888888885007888888887005888888888104888888888
8888888885017888888886027888888886006888888887105888888888104888888888
8888888885018888888885007888888886006888888887005888888888104888888888
8888888885017888888885007888888887006888888887005888888888104888888888
8888888885017888888886017888888887006888888887005888888888104888888888
8888888885017888888886007888888887006888888887106888888888104888888888
8888888885017888888885007888888888104888888888778888888887005888888888
8888888885017888888885005888888888500688888888888888888883028888888887
8888888885017888888885001888888888840058888888888888888720278888888884
8888888884017888888886000388888888886102578888888888863004888888888860
8888888885018888888886000048888888888852002345665542101478888888888610
8888888885018888888886000003788888888888764321111224578888888888885100
8888888885017888888886000000158888888888888888888888888888888888720000
