4444444444443334555555555455555555555555555542210111111122222333345566
4444444433322234445555555555555445555555555555310111111122222333345567
4444332222222234455555555555555554324555555555510111111222233333355677
4332222222223455555555555555554433333455555555541111111222333334455676
3222222221245554444444555544333345553345555555552111112223333343456776
2222211113454444444444321134556666555334555544454111123333333344566766
2111111145444444444421123456666666677655544444555211223333333445666666
1111111444444444442124566545666677777766654444555312333333344456666666
1111114444444444413566666556667777777766764445555423333333444566666667
1111024444444443256666666556777777777777775555555533333344445676566777
1000144444444443666666666567777777777534665555555433334444566656677776
0000244444444456666666666557777777775223555555555433444455555667776776
0000244444444466666666663268777777776434555555555544444456667777766666
0000244444444676666666621577777777777655555555555334556677777777666677
0000244444444776666666303777777777777777666666666677777777776666677652
0000144444445777666666105777777777777777777777777777777777766677653100
0000044444445777766665116777777777777777777777777777777777777653200003
0000024444445777776665106777777777777777777777777777777766542100000024
0000003444444777777666204777777777667777777777777776654321000000000244
