5678888888888888888888888887888888875210001257888888765567788888775310
6788888777887643221122246778888888876542102346887777765556678887765432
7888888777643223566655554334678888888776311245788888876545678887777554
7888888765444578888888888654456788888887642256788888875445778888765433
7888887775568888888888888877555677888887642257788888864446778888876521
7788887545677888888888888888875357888888875456788888876556678888887653
7788876457888888888888888888876557888888876446888888876555567888876643
7788876567888888876556788888875555788888875566678888875356788888876434
8888887447888888887436888878876546888888887546888888887555778888876544
8877788765568887888645678888888765667888888765578888888765568888888876
7888778887534788778888635788888888734788888887644788888887655788888887
6568887778875467887788875457887788876457888888875457888888875346788888
5467887778886336888888887436888788887535788888888777888888887436888878
4467888877877545788888887544688888888643468888888888888888886336788888
5467888888876325788888887523578888888873247888888888878887754467888888
4578888888753357888888764323578888888864346788888888887544446788888887
3578888888864357888888765322368888888877655334555554443335678888888887
4678888888754467888888764101357888888888887654221123456678888888888753
3678888887654567888888753100023578888888888888888888888888888888876410
