4443333334653333344444666677655555555555555455555554444433332222345666
4333222223542222333334556665444445555555556666666666543332222111123556
3322221112442222222223555543333444455556776655555566665422111111111245
3222111112331111111112444322233344445777554444444444444543111111111135
3221111102331111111112343122223344467765555544444444433344311000111124
3221111001320000001111332122233344577555555555544444333223421000111123
3221110001320000000111332222333444776555555555554444332211331000111123
3221110001320000001112442233344445776555555555675443322211332000111123
3221110001320000111112553334444555786555555555775333222111231000111123
3221110001320011111223554444555555786555555544664332211111231000111223
3221110001320011122234664455555556776555554444663222111110231000111223
3221110001321111223334665555555556775555544433553211111100232011111223
3221110001331112223344555555555556875554444333542111111111332111111223
3221110000232112233444555555555557765544443333442111111111332111112233
4221110000123322233445555555555677655444433334442111111111342111222233
5311110000012343333444555555567775554444433345553222222222443222222333
5521111111111134555555566667777655554444443455553222222222453222333334
6553211111112222345667777776655555555444445666664333333333564333333444
6665432222223333344455555555555555555555567777665444444444665444444445
