6555666667876666666667888888776666544455666666655432222222222222234445
6555556666776666666666777777666666544344566777765432110000000000001234
6655555556775555555556777766666666655555666666655432221100000000000134
6555555556665555554445666555666666666776665555554321111221000000000124
6555544445654444333334554344556666678766666655554321100012100000001124
5544443334543333222222333223455666787666666665554321100001210001111123
5433333223432222221112331122345666787666666665543211000000221111111223
4322222212331111111111221123456666886666666665653210000001222111112234
4221111111221111100001221123556666886666666655542110001111232111222234
3211111101220000000001221234566666886666666654432111111111232222223334
3211000001210000000001222345666666886666666554432111111112333222333345
3210000001210000000001233456666666876666666544432111222222343333333445
3110000001220000000011234566666667876666665544443222222333454333444445
3110000000121000000012345666666667876666665544554333333333554444444455
3110000000012100000012345666666678766666655545654444444444565444445555
4210000000001221100012345666677876666666655566665444444444665555555556
4310000000000011211112346677777666666666655677665555555555666555555566
4321000000000000111223456777766666666666666777776555555555676555566666
5444322222222222222223345666666666666666677777776666666666777666666666
