0146788888888888888888888888888888888742000002578888887643467888887653
2678888888888764321111123467888888888875200012578888877643567888887643
6888888888764201345565554211247888888887630002578888887632468888887754
6888888886421357888888888874202578888888763001578888887632478888888753
6788888873236888888888888888741147888888874101578888887632478888888763
7788887631478888777888888888874114788888886312567888887633578888887653
7778887424788888887778888888876214788888887413678888887633567888887654
7777776336788888886425788888887414788888887424678888887424678888887643
8888776225788888875225788888876325788888886314688888887424678888888754
8778775336788888876336788888886325788888887424788888887435788888888765
7788776336788788886336788888886315788888887424788888887435788888888777
8778776435788788876325788888876325788888887425788888887524678888877776
8778886435788888876335788888887413688888888877888888886435788888888765
8777886335788888876314678888887521468888888888888888775235788888887765
8887876224788888886312478888888863125777888888888888642367888888777653
8888875225788888876300257888888886411467888888888764223578888888765422
8888876312678888877410025788888888764211245555543211357888888888863212
8888876434778888887310013578888888888764322111234567888888888887543223
8888876435778888876200001246788888888888888888888888888888887642111111
