0000378888888888888888888888888888888887531000016888888887425788888888
2125888888888888754321112234578888888888875210016888888887314888888888
0168888888888753113445665543113578888888888510016788888887203788888888
2478888888886312468888888888764125788888888851015788888887412678888888
5677888888741267788888888888788510588888888872016888888887104888888888
8877788887313788788888888888888851158888888885116888888887315888788888
8887778886126888888888778888888885027888878886216888888887204888778888
7888888885027888888886127888888886117888778887226888777887216888777887
6888788886327888888886216888888886117888888887206888777887215888778888
7888778886217888888886217888878886227888888887305888777887325888777887
6788888885126888778887215888888887315888778887305888888888414888888887
6888888886116888888875226888888886215888878887315888778887414888877787
7888888764137888888885016888888887305888888888878888778887206888877788
8888888874027888888885115888888888512788888888888888778873037888877787
7888888885126888888886102688888888762257888888888888888742478888887653
6788888763137888888875101588888888885113578888888888753125788888888631
7778888763137888888875100147888888888752113455666542102478888888888510
7788888774136777778885310003678888888888764221111223568887888888885200
7888888773037888888874100000157888888888888888888888888888888888630001
