3333200000000000000000000000000000000000133333336888888887336888888888
3332233310000000112222222221100000000000002333336888888887336888888888
3367888875100012332211111122332100000000000233336888888887336888888888
3688888888601332000000000000012321000000000023336888888887336888888888
5888888888623223453100000000000133100000000002336888888887336888888888
7888888888434678888610000000000013310000000001336888888887336888888888
8888888886337888888863100000000001320000000001336888888887336888888888
8888888885248888888886320000000001331000000000336888888887336888888888
8888888885348888888886330000000001331000000000336888888887436888888888
8888888885248888888886330000000001330145665410336888888887336888888888
8888888885248888888886330000000001333788888874236888888887336888888888
8888888885248888888886330000000001337888888888437888888887326888888888
8888888885248888888886331014566531236888888888778888888887336888888888
8888888885248888888886331378888887433788888888888888888884248888888887
8888888885248888888886333788888888852368888888888888888742478888888885
8888888885248888888886333588888888886324678888888888875325888888888863
8888888885248888888886333358888888888764334566666665432138888888888633
8888888885248888888886333335788888888888765444332221110038878888886333
8888888885248888888886333333468888888888888886200000000003687777643333
