3101356788888888888888888888888777888887742100013678888887654567888887
2124677888887788764332111223577788888887765320134678777776555567788877
3235778888877764322245666555433457788888887642113567888887654466788877
4345788888876444456788888888765434678888887764334678888877544567888876
4567788887776557888888888888776555677888887653356788888764456778888876
6777788875456677778888888888888764467887788765556788888765456778888876
7778887655678888887888888888887555678888887545677888887655556778887654
7788876567888888876555788888875555678888875566678888875345678888875434
8888874368888888874357888788864468888888874368888788875456788878765334
7778876446888788875457888888887446888788886457888888886447888888887656
8778887426888788887436888888887435888888877436888888887436888878876567
8877888644688778888645688878888743578888888644688888888732578888887667
8877887643588888888754578888888753478887888887788888888753578877788888
8888877654578888888754467888888864335888888888888887888643578887777777
8888888752368888888763247888888887533577788888888887776435788888876667
8888887643578888888753235788888887654456778888888876544457888888876556
7788888876435788888776532246888888887665544455555444223567888888888643
6788888887544677888887641014567788888888876543221123466778877888888642
3578888887654467888888764100013567888888888888888888888888888888876520
