8888888886347888888886333333310000000000000000000000000000000000123333
8888888886347888888886333332000000000000012223333322110000000000001333
8888888886347888888886333320000000000012333211111122333200000012221133
8888888886347888888886333200000000001333100000000000012332001578887643
8888888886347888888886333000000000023310000000000000000023217888888885
8888888886347888888886331000000000133100000000000015676422337888888887
8888888886347888888886331000000000332000000000001378888875336888888888
8888888886347888888886330000000001331000000000336888888888435888888888
8888888886347888888886330000000001331000000000336888888888435888888888
8888888886347888888886330245665410331000000000336888888888435888888888
8888888886347888888886334888888873331000000000336888888888435888888888
8888888886347888888887348888888887331000000000336888888888435888888888
8888888886337888888888778888888886330000000001336888888888435888888888
7888888888434888888888888888888874323566642001336888888888435888888888
5888888888743478888888888888888633578888888403336888888888435888888888
3688888888872335788888888888764346888888888723336888888888435888888888
3368888888860012345666766654334678888888888533336888888888435888888888
3335778887510000112222344445678888888888875333336888888888435888888888
3333322321000000000000015888888888888888643333336888888888435888888888
