1111378888888888888730000000000000000000112111116888888887215888888888
1125888888888888754111111111100000000000001211116888888887215888888888
1268888888888752223455421111111100000000000111116888888887215888888888
1688888888875214678888883000011211000000000011116888888887215888888888
4888888888731378888888861000000111100000000001116888888887215888888888
7888888888313888888888710000000001210000000001116888888887215888888888
8888888886127888888888610000000001210000000000116888888887215888888888
8888888885128888888886220023332100110000000000116888888887215888888888
8888888885128888888885112688888751110000000000116888888887215888888888
8888888885138888888885127888888885110001221000116888888887215888888888
8888888885138888888886127888888886110367887630116888888887215888888888
8888888885128888888885127888888887114888888886326888888887215888888888
8888888885138888888885127888888887215888888888778888888887216888888888
8888888885138888888885115888888888512788888888888888888883138888888887
8888888885138888888885113888888888841268888888888888888731378888888884
8888888885138888888885111488888888886213678888888888764125888888888861
8888888885128888888885111158888888888753123456666543212578888888888621
8888888885128888888885111114788888888888764332222334578888888888885211
8888888885128888888885111111268888888888888888767888888888888888731111
