7776655444555566666667888888765322356666666666421111111111111111123334
6554434456776666666667777787666653223566666777641111100000000000001224
5444556667776666666667777876666676544466777666642111111100000011111124
6566666666776666666666777766666666766777666556652000001111001111111124
6666666666776665555555666566666666677766666655552000000012111111122224
6666555556665554444434443345666666787666666665541000000001221112222334
6555555545554433333222332223566666787666666665431000001111222222233334
5554444434443322222212221112566667887666666665421000111111232223333344
5444333323332221111111221013666667887666666665321111111122333333334445
4333322222321111111101210015666667887666666665321111122222344334444445
4222221112221111000001110136666667887666666665332222222333454444444455
3211111111210000000000110256766667887666666664443233333344555444455555
3111111101110000000000001466666667876666666654554333444444565555555556
3111100000111000000000002566666677876666666655655444444555665555555556
3100000000011100000000013666666778766666666656665555555555666555555666
3100000000001111000000013666777877666666666667766555555555676566666667
3100000000000011111111112677787766666666666677776666666666776666666667
3111000000000000011111112477776666666556667777776666666666777666666667
4222211111111111111111111246677777777666677777777666666677787677777777
