2457888887643467888888762025788888888742256788888888886543347888888875
4577788887532578888888642012577888888886422346666766431024677888888874
3567788887654467777788753200145678888888877642111111224678877888888752
3467888887654567888888752100012578788888778888887777888888888888876420
3112222222266412222222211000000267412222222226773122222222674122221110
1000000000575000000000000000000016730000000003772000000000673000000000
0000000002761000000000110000000003761000000001772000000001673000000000
0000000003760000000002651000000002771000000001672000000001673000000000
0000000003760000000003761000000002771000000001672000000001673000000000
0000000003760000000003761000000002771000000001672000000001673000000000
0000000003760000000003761000000002772000000001672000000001673000000000
0000000003760000000003761000000002772000000001562000000001673000000000
0000000003760000000003761000000001673000000000110000000001772000000000
0000000003760000000003773000000000376100000000000000000005750000000001
0000000003760000000003775000000000047620000000000000000157510000000004
0000000003760000000003777400000000002675210000000000124763000000000027
0000000003760000000003777730000000000135765432222345676310000000000267
0000000003760000000003777774100000000000124556666554310000000000003777
0000000003760000000003777777620000000000000000111000000000000000157777
