6788888888888888888888888788888887642100124678888887644567888888752101
8888888887765432111223567888888888876531014678888887643578888887754445
8888888775322444555554334566778888888742125677888887533578888888754344
8888888644445788888888877643467888888875323467888888753247888888876443
8888875446778887888888878753247888888886423688888888631478888888875445
8888753467888888888888888886334678888887644578888888754567777888876545
8778886446888888888778888888875447888878886446888888887425788877887645
7888887644667888888755667888887755667877787765567887788765567887788865
7668888887655678888887755678888887654688888888754678888888754578888788
6567888888887656788888887655788888876665788888887655678888887556788778
4444557888888765567888888875467888888865567887788874467888888875467888
6544457888888765446888888767546888888766656888888866666888888887556788
4434567888877655567888888875457888888876567888888888888888888875457788
1235677888887765567888888765556788888875456788888888888887887765567888
4323567888888765446788888776334678888887665567788888888888887567778888
5443456788888764457888888775334678888888876545678888888887644446788888
4445567788887665567888888764211356788888887653345555666542234667788888
5322356778888765566677778875321024567788888877765322211233577877788888
1001246788888776545788888876310001246788888878888888888888888888888888
