0000278888888888888888888888888888888888510000005888888888104888888888
0005888888888888753211111224578888888888873000006888888888104888888888
0068888888888741012456665542002588888888888400005888888888104888888778
0588888888884003688888888888752015888888888840005888888888103878888888
3777888888720278888888888888888610488888888881005888888888104888888888
7888888888202888888888888888888871048888888885005888888888104888888888
8888788886007888888888788888888885017888888887005888888888104888888888
8888888884017888888886027888888886006888888887105888888888104888888888
8888888884017888888885007888888886006888888887005888878888104888878888
8888888884028888888885017888888887006888888887005888888888105888777888
8888888885017888888885017888888887006888888887005888888888105888878887
8888888885017888888885017888888887006888888887106888888888104888888888
8888788884017888888885007888888888104888888888778888888887005888888888
8888888885017888888886005888888888500688888888888888888883028888888887
8888888885017888888885001888888888840058888888888888888720278888888784
8888888883017888888886000388888888886202578888888888763014888888888850
8888888884016888888886000048888888888852012345665542101478888888888710
8888888885017888888886000004888888888888754321111234578888888888885111
8888888885138888888886000000258888888888888888888888888888888888620000
