3577677788888765566778888876543236777777777763344446878777888656888888
5777778888876557888888888888887632367777777776444446878777888556888888
7777888888755688888888888888888886325777777777744447877777787557888888
7788888887556888888888888888888888743577777777764447877777787557888877
7888888886558877777777756888888888864477777777774447777777787558888877
8888888875467777777777324778888888875577777777774458777777786458888877
8888888863377788888885458777788888865578777777774368777777776468888887
8888888832588888888864478887778888755688877777763468777777775578888887
8888888623788888888854688888777787546888887677753478777777764578888887
8888888425887888888755788888887776457888888777743587777777753588888888
8888887336877888877435888888888743578888888877744687777777744688888888
8888886247878888877325888888888742588888888878545777777777745788888887
8888885247878888776326788888888655777788888786446877777777755788888877
8888884258888888775226778888888556887777778864468777777788556888888877
8888883268888888775226777788888646888887777766677777788887557888887777
8888873368888888774224777778888755788888888888888888888885568888876777
8888872378778888774233677777778875578888888888888888888754688887767776
8888862478777888763332477777777787545788888888888888876556887777777774
8888853478777777763333247777777777765456788888888877655677777777777743
