0000488888888888888888888888888888888887400000016888888887105888888887
0016888888888887653221111234678888888888752000026888777775106888888876
0068888888888631012456665542012588888888887300016888888887104888888777
0588888888873113578888888888751025888888888730006888888886215888888876
3777888888710578888888888888888501688888888850016888888885006888888887
7887888887103788888888888888888861058888888883016888888886105888888887
8887788884017888888888788888888884028888888886006888888887105888888887
8887788884038888888885038888888885017888888886006888888886006888888886
7888888884038888888884028888778885027888888886017888888886105888888886
7888778885037888778885027888888887116888888887116888888887116888888887
8888778886016888788886017888888887105888888887105888888887216888878886
6888778887205888778887215888778888304888888888304888888888303788888887
7888778885115888888887205888888888303888888888877888888887304888877888
8888877886116888888886104888888888510478888888888888888884017888887788
8888888885005888888887201688888888860037878888888888877730278888888774
8888888874027888888886100378888888886201678888888888753015788888888850
7888888884016888888886100048888888888853112455565443102478888888888720
7888888884027888888886000015788888888888754322111234567888888888884112
8888888874237888888886100000357888888888888888888888888888888888620000
