6666666666654433222222222345667777777777644433333333202333333333223334
6666666654334455666666654432223457777777764343333333311333333333222333
6666665456778888888888888887765324666666666323333333331333333333322333
7777545778777777777777777777788764566666666402333333332233333333444344
7764467777777777777777777777777787665566665511333333333234444444555444
7645777777777777777777777777777777776555566640233333333334444455555555
6557777777777656666666666677777777777755555551133333333333444555555555
6677777777776566666665555555677777777776555553034333333333445555555555
6777777777755566655555554443347777777777655554114433333333344555555555
7777777777654565555555443332223777777777765544202443333444444444444431
7777777776544555555554443322211577777777764444420244444444444444443101
7777777666544555555444433322211477666667754444442124444444444444311122
6777766666544455444444433322212456656655544444444322334444444321122222
6776666666543455444444433322212233344432344444444443322333332222222222
6666666666544445444444443322212222222222123444444433333333322222222222
5666666666544344444444443322212322222212100133443333333333222222222222
5666666666644444444444443332221222222222211001233333333322222222222211
5666666666654444444444444232221122222222222211111122222222222222211100
5566666666664444444444444333222112222222222222221111111111111111111011
