8888888885237888888886222222210000000000000000000000017888888888742222
8888888885237888888886222221000000000000011122222111105888888888885222
8888888885237888888886222210000000000011222111111233322578888888888622
8888888885237888888886222100000000001222100000026787764225788888888862
8888888885237888888886222000000000012210000000038888888731378888888885
8888888885237888888886221000000000122100000000017888888884148888888887
8888888885237888888886220000000000221000000000048888888887226888888888
8888888885237888888886220000000000221000000000226888888888325888888888
8888888885237888888886220000000000221000000000226888888888325888888888
8888888885237888888886220023443200220024554310226888888888325888888888
8888888885237888888886221688888862222688888873226888888888325888888888
8888888885237888888886237888888886226888888887226888888888315888888888
8888888886227888888888778888888886227888888887226888888888315888888888
7888888888414888888888888888888873158888888886226888888888315888888888
4888888888731378888888888888888621588888888883226888888888315888888888
2688888888885224678888888888763236888888888852226888888888315888888888
2268888888888753234566666543223678888888888522226888888888315888888888
2225888888888888752111233345678888888888874222226888888888315888888888
2222478888888888887200048888888888888888632222226888888888315888888888
