2222222222222122334444455555555554445555555555542223200000001112222223
2211111111112344444444455555555555554455554555554222100000011112222233
1111111111234444444444444555555555555433445555555322000000111122222333
1111110124444444444444444444444333333322455555555521000101111222223333
1000002344444444444443221111334444444543355555555520001111112222233334
0000024444444444432223345555566666655543355555554420011111122222333335
0000244444444443224566666665566666666664345554444430111112222223333355
0002444444444423566666666655666777777776654444444431111122223333333455
0014444444444356666666666656677777777776664444444421112222233333335567
0024444444445666666666666567777777777776774444444421222223333333455677
0034444444467666666666534677777777777666764444444422233333333334566766
0044444444677666666652147877777777753225555555555333333333334456666666
0044444445777666666510577777777777643245555555554333333334445666666666
0034444446777766666105877777777777765455555555554333444445566666666666
0024444457777766663037777778777777776655555555543344444555666666666666
0003444457777776661067777777777777777766666555534444555666666666666666
0001444457777777651177777777777777777777777777666777777766666666666666
0000244457777777761177777777777777777777777776666677766666666666666544
0000024446777777773267777777776667777777777766666776666666666666542234
