0000000000000000000000111111111222333344556667777777755687777777764444
0000000000000000000000000111111122223344555666777777775577777777775444
0000000000000000000000000001111122222334455666777777786567777777776444
0000000000000000000000000000001111122334455567777777787557777777777444
0000000000000000012345666665532111122334455567777777888656777777777544
0000000000000002578888888888888765433333445667777888888645777777777544
0000000000001368888888888888888888887776666778888888888516777777777444
0000000000036888888888888888888888878888888888888888885037777777776444
0000000001588888888888888888888888778888888888888888740277777777775444
1000000016888888888877778888888888888888888888888886203777777777764444
3000000168888888887777777777788888888888888888888730257777777777644444
4200000588888888876777777777777778888888888877776325777777777775344444
4410003888888888767777777777777788888888888887766677777777777740344444
4430006888888887677777777777777777777887777776667777777777776200344444
4441028888888887777777776665543321111356666666777777777777630001444444
4444038888888887777777766654432211100014666777777777777652000001444444
4444248888888887777776666554433211100000134566777766542100000002444444
4444458888888877777766666554433221100000000011122110000000000002444444
4444468888888877777766666554433221110000000000000000000000000003444444
