0000000000000000000000111112222334445566666777778888888887444444444201
0000000000000000000000000111122233444556666777777888888887544444444410
3100000000000000000000000001111223344556677777777888888888544444444431
4420000000000000000000000000011112345566777777776888888888434444444443
4443000000000000000000000000001235667777777777765888888888314444444444
4444300000000000000012344544557788777777777777756888888888202444444444
4444410000000000024567776677888777777777777777777888888887100344444444
4444430000000002577777766787777777777777777777788888888883000034444444
4444442000000157777777767777777777788888888888888888888850000014444444
4444443000003777777777778777777778888888888888888888888500000001444444
4444444100037777777777667777788888888888888888888888863000000000144444
4444444300277777777775137788888888888888888888888876300000000000013444
4444444410577777777740168888888888888888887777654310000000000000000344
4444444421777777777611687888888887765543321111000000000000000000000013
4444444433777777777304887888888764332211100000000000000000000000000000
4444444445777777777205887888887544332221111110000000000000000000000000
4444444445877777777305888888887654433222111111000000000000000000000000
2444444445777777778503888878777665543322221111111000000000000000000000
1444444444787777777731587777777766554443222211111111100000000000000000
