8888874212356666666666666666665202688788888885100000000000000000001111
8875211356666666666666666666666651047878888888400000000000000000001111
6311356666666666666666666666776666203787888888820000000000000000011113
1246666666666666665443335777777777720387888888850000000000000000101355
5666666666666654322222247887777777850177788888861000000000000000124555
6666666666654322222223688888888788620377888888860000000000000001455555
6666666665322222222247888888888874114788888888830000000000000135555555
6666665422222222222488888888888510378888888888610000000000002455555555
6666532222222222224888888888872026888888888885100000000000135655555555
6532222222222222227888888888610488888888888740000000000002565555555565
3222222222222211048888888886105877777778875100000000000145555555556531
2222222222221100068888888882047777777777520000000000013565555555654114
2222222222110001168888888871167777777773000000000001356555555556420368
2222222111000011058888888872366667776640000000000235665555555652026888
2222211000000001048888888884366666666541000001235666555555565311578888
2221100000000001117888888887456666666665434445666655555566531147888888
2110000000000001113888888888755666666666655655555555566653114788888888
1000000000000001111588888888876566666666665555555556654212578888888887
0000000000000001111158888888888656666666666655555565311357888888888877
