0000000000000000000000000000000111112222233445556677777776677877777774
0000000000000000000000000000000011111122233445556677777775677777777775
0000000000000000001123333332100000111122233445556677777776567777777776
1000000000000012467788888888775310011122233345556677777776567777777776
2000000000002578888888888888888876311122324345566777777777557777777777
3000000000368888888888888888888888875322233445567777777777557777777777
3000000026888888888888888888888888888876444455677777777787557777777777
4100001588888888888877777888888888888888876667778777777886567777777776
4100026888888888877677777788888888888888888888888888888875367777777775
4100278888888887777777777777788888888888888888888888888731577777777764
4202788888888876777777777777777788888888888888888888874116777777777754
4216888888888767777777777777777778888888888888888875311477777777777544
4348888888887777777777666666778888888888887777776311247777777777775444
4478888888877777776666655544334567788888888777643356777777777777754444
4588888888877777766666554433211001256677777666667777777777777765444444
4688888888777777666665544332111100015666666677777777777777776324444444
4688888888777766666655444231211100001367777777777777777777531034444444
4588888887777666666655443331211000000013567777777777776431000244444444
4588888877766666666655443331211100000000012344554443210000001444444444
