5678888888888888888888888888888888774210001257888888764467788888764310
6788888777877543211122246778888888876542001346887777655556778887765422
7888888777642123556655544334678888888775311245788888876445678887776544
7888888764334578888888888654346788888887642146788888875435778888765422
7888888765568888888888888877545677888888752147788888875335778888876531
7788887544567887888888888888875336888788876445688888886545678888887653
7788876435788878888788888888886446788888886434788888887544557888887653
7788876456888788886555688888886444678888875456678888886335678888886433
8888886336888888887335888778886436888888887436888888887544678888876544
8877788754578887888644678888888755568888888754578888888754578888888876
7888788887435788788887436788888887535788888886545788888886555788888876
6567887778874457877788875457887778876446788888875546888888875436788888
5457887778886336888888887435788778887534788888888877888888887535788878
5567888877776545788888887534688888888643368888888888887888886336788888
4467888888876324788888887422578888888863247888888888878887754467888888
4578888888753357888888764323578888888864345778888888887544446788888887
3467888888864247888888775321258888888877655334455555443224678888888887
4567888888764457888888875200246788888888888654321112345677888888888863
2478888888754467788888864200012467888888888888888888888888888888876520
