1111378888888888888888888888888888888888621111116888888888215888888888
1115888888888888764332222345688888888888884111116888888888215888888888
1268888888888752123456666543213688888888888511116888888888215888888888
1688888888885114688888888888763126888888888841116888888888215888888888
4888888888830378888888888888888611588888888882116888888888215888888888
8888888888303888888888888888888872158888888885116888888888215888888888
8888888886117888888888888888888885128888888887116888888888215888888888
8888888885128888888886138888888886117888888888216888888888215888888888
8888888885128888888886127888888886117888888888216888888888215888888888
8888888885128888888886127888888887117888888887216888888888215888888888
8888888885128888888886127888888887117888888887216888888888215888888888
8888888885128888888886127888888887117888888888326888888888215888888888
8888888885128888888886117888888887215888888888878888888887116888888888
8888888885128888888886115888888888512788888888888888888883038888888887
8888888885128888888886112888888888841268888888888888888730378888888884
8888888885028888888886111488888888886213678888888888864115888888888861
8888888885028888888886111158888888888863123456666543212578888888888611
8888888885028888888886111114888888888888764332222234578888888888885111
8888888885028888888886111111268888888888888888888888888888888888731111
