2211378888888888888888888888888888888888621222116888888888215888888888
2125888888888888764333333345678888888888874111116888888888215888888888
1268888888888753223456666543223688888888888511116888888888215888888888
2688888888885214688888888888763136888888888841116888888888215888888888
4888888888731378888888888888888621588888888883116888888888215888888888
7888888888313888888888888888888872158888888885116888888888215888888888
8888888886127888888888788888888885128888888887216888888888215888888888
8888888885138888888886237888888886127888888887216888888888215888888888
8888888885138888888885127888888886117888888887216888888888215888888888
8888888885128888888885127888888886117888888887216888888888215888888888
8888888885128888888885127888888887117888888887216888888888215888888888
8888888885128888888885127888888887116888888887326888888888215888888888
8888888885128888888885127888888887215888888888878888888887116888888888
8888888885128888888885115888888888512788888888888888888883138888888887
8888888885128888888885113888888888841268888888888888888731378888888884
8888888885128888888885111488888888886213678888888888864125888888888861
8888888885128888888885111158888888888863223456666553212578888888888621
8888888885128888888885111114888888888888764332222334578888888888885111
8888888885128888888885111111268888888888888888888888888888888888731111
