0003578888888888888888888888888888888876310000257888888775336788888886
2247888888888876654321122345688888888888764100257888888875346888888876
2588888888887631134455655532345678888888886210257888888873136888888886
3688888888864324678888888888752147888888887520247888888875225888888887
6788888887523678888888888888875215888888888731268888888862147888888886
8878888874237888888888888888887522578888888752368888888863357888888887
8887788873367888888887788888888862368888788863368888888873247888778886
8888888862268888888874368888888873368888778874358888778874358887778876
6788888887436888888887337888888887227888888887326888877887326888878888
7888888887525788888888625888888887535888888888633688877888534788877887
4678888887424688878888633688888888733678877888632688888888733688888887
4688888887522688888886533688888887433688888887534688887888743678887788
6788888875325788888887413788888888623688888888888888877888512678887788
7888888886424788888887423678887888732588888888888888788875225788887787
5788888887423678888887620367888888875336788888888888888864367888888774
5678888886335788888887510367888888887422467888888888864323578888888752
6777888875326788888886420025788888888874222455566553211357788888888741
5778888876434677777887431002467888888888876422111123357888788888887420
5788888876325788888887410000125788888888888888888888888888888888864100
