3222222213652222222223666667632223333333333333333333333333333222357777
2221111113651111111112666664212222223333345666666665433333222222223677
2211111102541111111102555531111122222346776554444456776532222211111367
2111110002540000000002555301111112223676433333322222345774222111111136
2111110002540000000002554111111122247743333333333333322357521111111114
2111100002540000001112553111122222477333333333333333333225751111111112
2111100002540001111113662222222223675333333333333333332222662111111112
2111100002541111111213662222233333774333333333674333332222563111111112
2111110002541111122224763333333334784333333333784333322222563011111112
2111110002541112222224773333333334784333333333774232222211563000111112
2111110002551122223334873333333334774333333333774222222111453000111112
2111111002651222233334763333333334774333333333674222211111452000011112
2211111112652222333333333333333335873333332223663111111110452000011112
2211111111465222333333333333333337853332222213663111111000452000011112
4221111111257532333333333333333477533222222115652111100000452000011112
7322111111124675433333333333346764222222221136552011100000452000111112
7632222222222346776554444556776432322222221366562111111111453011111122
7774222222222223456677777765433333332222224666663111111111563111112222
7777632223333333333333333333333333333332467766663222222222564222222223
