7788510000000000000000000000000000000000368777782000000000683000000000
7873000000000000134566666654210000000000015877782000000000683000000000
8720000000000146775433223346775200000000000487782000000001683000000000
7200000000004775210000000000136862000000000048782000000001683000000000
4000000000168610000000000000000378400000000006882000000001683000000000
1000000000585000000000000000000017830000000003882000000001683000000000
0000000002871000000000110000000003861000000001782000000001683000000000
0000000004860000000002761000000002871000000001782000000001683000000000
0000000004860000000003871000000002771000000001782000000000683000000000
0000000004860000000003871000000002772000000001782000000000683000000000
0000000004860000000003871000000002772000000001783000000000683000000000
0000000004860000000003871000000002772000000001672000000000683000000000
0000000003860000000003871000000001783000000000110000000001782000000000
0000000004860000000003883000000000387100000000000000000005850000000001
0000000004860000000003886000000000048720000000000000000168610000000004
0000000004860000000003878400000000003686310000000000025774000000000027
0000000004860000000003877840000000000036776433222345676410000000000278
0000000004860000000003877784100000000000124566666654310000000000003787
0000000004860000000003877778620000000000000000110000000000000000158777
