2222478888888850000000000000000000000000122222226888888887325888888888
2226888888888860011122222211100000000000001222226888888887325888888888
2268888888888731222211111112222100000000000122226888888887325888888888
2688888888875224667763000000012221000000000012226888888887325888888888
5888888888732478888887000000000122100000000002226888888887325888888888
7888888888424888888886000000000012210000000001226888888887325888888888
8888888886227888888887300000000001220000000000226888888887325888888888
8888888885238888888886220000000001220000000000226888888887325888888888
8888888885238888888886220000000001220000000000226888888887325888888888
8888888885238888888886220001221001220024554200226888888887325888888888
8888888885238888888886221467887631222688888862226888888887325888888888
8888888885238888888886226888888885226888888887326888888887325888888888
8888888885238888888886227888888887326888888888778888888887226888888888
8888888885238888888886226888888888523788888888888888888884248888888887
8888888885238888888886223888888888852368888888888888888732478888888885
8888888885238888888886222588888888886323678888888888764225888888888862
8888888885238888888886222258888888888763223556666654323578888888888622
8888888885238888888886222224788888888888765433321111378888888888885222
8888888885238888888886222222368888888888888888300002888888888888742222
