2222222222222222222222333334455667777777777512677777777733444444444431
1111121111111111111222222223334456677777777851167777777761244444444444
1111111111111111111111111222223344567777777784037777777773024444444444
1111111111111111111111111111122223346777777786116777777775111354444444
1111111111111111111111111111111122236777777786127777777775111134444444
1111111111111111111111111111111111267777777775347777777674111112444444
1111111111111111111111110000000024787777777865677777777672111111144444
1111111111111111111000001122223678877777788756777777776741111111013444
1111111111111111100000235555578887788888876666777777666411111110001344
3322111111111100000014665555777777777888766666777776553111111100110124
4444432111111000000156666557777777777777666665566543321111111001111001
4444444431100000001566666557777777777776666655542011111111110011111110
4444444444310000002666666657777777777766666554211111111111100111111111
4444444444443100003666666666767777777766665421122221111111011111111111
2344444444444421003666666665367777777766653123332222222111111111111111
3112444444444443101666666666214777777776532343333322222112221111111110
6531124444444444421466666666510577777776445544333333222222222211111111
6665201344444444443366666666650167777776666554444333333333322222211111
6666641024444444444456666666664126777776677766555444344433333333222111
