0000233333333333333333333444444444444444444444455555554312333332320000
0013333333333332223333443332222334444444444444444445444412333232310000
0133333333333334556677777666654321134444444444444445455323333333200000
0233333333456667766777777666666655432223444444455555544322223332100000
1333333356777666766677777666666555666543222333444444444322223331000000
2333335677776777777777666666655555555555444322333334444322222210000000
3333467777777777765432234455666666666655544434444444444322222100000000
3335777777767765311235677777777777777776654334444444444322221000000000
3367777777667520257788888777777777777777764344444444443222100000000000
3577777777762026888777777777777777777777665444444444432110000000000000
4777777777611578777777777777777777777776664233333333200000000000000111
6777777776126887777777777777665543346766642333333332000000000011111111
6666667773268777777777777666655423223565333333333310111111111111111111
5666666664578777777777776666665534443343333333332111111111111111112222
5666666665578777777777776666666554444334444333211111111111111222222222
5666666775578777777767776666666655444444344432222222222222222222222223
5666777776468777777766677666666666543444443222222222222222222222333344
5667777777557777777776566666666666665433333333222222223333333334445566
3666777777557877777777655666666666666654333343333333333344445555666677
