3111478888888888888887777888888888888888631111125888888887315888888888
2014788888888887654322222234578888888888873000015888888887204888888888
2158888888888742123455665542113578888888887410015888888887204888888888
3588888888874113678888888888753125788888888741015888888887204888888888
5788888888730368888888888888888521478888888872015888888887204888888888
7888888887303788888888888888888862148888888885115888888887204888888888
8888888885116888888888778888888885126888888886115888888887204888888888
8888888884127888888886237888888886116888888886215888888887204888888888
8888888884127888888885126888888886116888888886215888888887204888888888
8888888884127888888885126888888886116888888886215888888887204888888888
8888888884127888888885126888888886115888888886205888888887204888888888
8888888884127888888885126888888886115888888887325888888887204888888888
8888888884127888888885116888888887204888888888778888888886115888888888
8888888884127888888885115888888888511688888888888888888873037888888888
8888888884127888888885102788888888741157888888888888888630368888888875
8888888884127888888885100478888888885212578888888888763114788888888853
8888888884127888888885100147888888888753112345555543212478888888888512
8888888884027888888885100003788888888888764322222234567888888888874102
8888888885137888888885211111368888888888888888778888888888888888741113
