0000278888888888888888888888888888888888610000005888888888204888888887
0015888888888888653221111224578888888888873000026887777876104888888777
0058888888888741013456665542102588888888888400006888888888104888888778
0478888888885103688888888888752015888888888840005888888888204878888876
3767888888720278888888888888888610488888888871005888888888204887888888
7888888888202888888888888888888871048888888885005888888888104888888888
8887778886006888788888788888888885017888888887005888888888204888888888
8887778884018888778886127888888887006888888887105888888888104888888887
8888888885027888888886007888788887006888888887105888878888204888878887
8887778885017888788886017888888887106888888887105888888888105888777888
8887778885017888788886017888888887006888878887005888888887105888877887
8888788885017888788886017888888887006888878887206888888888204888877888
8888888884017888888886007888888888104888888888778888878887005888877888
8888888885017888888886005888888888500688888888888888878883028888877788
8888888885017888888886001788888888840058878888888888888720278888887774
8888888873017888888886000388888888886202578888888888753014888888888860
8888888884018888888886000048888888888852112345665543101478888888888610
8888888885017888888886000003788888888888754322111234578888888888885100
8888888885128888888886000000258888888888888888888888888888888888720000
