8888888886347888888886344444310000000000000000000000000000000000134444
8888888886347888888886344442000000000000012233333332110000000000002444
8888888886347888888886344420000000000013333221111223343200000000000134
8888888886347888888886344200000000001343100000000000012432000000000014
8888888886347888888886343000000000024310000000000000000134300013343202
8888888886347888888886341000000000143100000000000000000002430478888873
8888888886347888888886331000000000342000000000000024565420335888888888
8888888886347888888886330000000001341000000000333688888884336888888888
8888888886347888888886330000000001341000000000336888888888436888888888
8888888886347888888886330135555310441000000000336888888888436888888888
8888888886347888888886333788888873341000000000336888888888436888888888
8888888886347888888887447888888887341000000000336888888888436888888888
8888888886347888888888778888888886330000000001336888888888436888888888
7888888888535888888888888888888874410000000001436888888888436888888888
5888888888424578888888888888888743223332000003436888888888436888888888
4678888886102345788888888888765346788888620024336888888888436888888888
3323555430000123345667776655444678888888871244336888888888436888888888
3431000000000000112233344455678888888888873443336888888888436888888888
3344310000000000000000014888888888888888643333336888888888436888888888
