2444444444457887777777777777777777777775200000000000000011122344555666
4444444445788877777777777777777777777777741000000000000111222445556666
4444444478887777777877654444455677777777775100000000000111223445566666
4444445788888777787531122333334567766666667300000000001112234455666667
4444468888887778741235778888888877887766666500000000011122344566667777
4444688888887776336788877888888888888887656400000001111233445666677777
4445888888877864577777777888888888888888864100000011112234556667777776
4458888888888655777777777788888888888888883000000111222345666777777764
4478888888887557777777777777777778888888886000111112234456677777777644
4788888888875567777777776666777777888888888411112223345667777777775447
6888888888755677777777666555667777788888888842223344566777777777754578
8888888888655777777766654444556777778888888886545566777777777775346888
8888888887556777776666545333455677777888888888877777777777778622578888
8888888875567777766665453332245567777788888887777777777777863136888888
8888888865677776666664443322213467777777888887777777777886312588888888
8888888655677766666654433222111267777777777788888888877521257888888888
8888887556777666665544333222111048777877777434556554321246888888888888
8888886667776666655444332221110016878888888764322223456788888888888875
8888876776766666555443322211100001677888888888888888888888888888887544
