4444444200000000000000000000000001111223456777777785027888888886444444
4444444420000000000000000000000000111122445677777778205888888887444444
4444444441000000000000000000000000011122345677777888502888888888544444
4444444443000000000000000000000000001112234577778888711787788888644444
4444444444100000000001223333321000000112234677888878711687788778644444
3444444444200000001356677766665421000112346788888878601777788778644444
2444444444300000146777766666667777766667788888888888303777777777544444
1444444444410003677777766667788888888888888888888884027777777777444444
0344444444420047777777766778888888888888888888888620378777777784244444
0244444444430377777777767777888888888888888888775225777777777860244444
0144444444431677777777637777888888888777777776667778777777778610244444
0144444444444777777777317888888777777777666677777777777777775100244444
1034444444446777777776116888887777777776655777777777777777630000144444
3014444444446777777775017788877777776665555567887777777753100000144444
6003444444446777777776117777777777665555555444566666653100000000144444
7202444444446877777777216777777777654332221111011111000000000000144444
7501444444445777777777525777777776544333222111110000000000000000034444
7710244444444687777777744677777766665534322221110000000000000000034444
7740144444444577777777774577777667765543432222111000000000000000024444
