8888888885027888888885011111100000000000001467788888888888888888730111
8888888885027888888885011110000000000000000001222234578888888888885101
8888888885027888888885011100000000000001110135665543112478888888888610
8888888885027888888885011000000000000111000488888888763114788888888861
8888888885027888888885011000000000001100000257888888888730278888888884
8888888885027888888885010000000000010024554311688888888883038888888887
8888888885027888888885010000000000112688888872378888888887106888888888
8888888885027888888885010000000000106888888887116888888888204888888888
8888888885027888888885010000000000116888888887105888888888204888888888
8888888885027888888885010000000000116888888887105888888888204888888888
8888888885027888888885000023443200116888888887105888888888204888888888
8888888885027888888886124588888851016888888887105888888888204888888888
8888888886017888888888778888888883017888888887105888888888204888888888
7888888888303888888888888888888871048888888885005888888888204888888888
4888888888720278888888888888888610488888888882005888888888204888888888
1688888888884113678888888888752025888888888840105888888888204888888888
0168888888888742113456665542112578888888888401105888888888204888888888
1015888888888888753322222234578888888888874011105888888888204888888888
1100378888888888888888778888888888888888620111105888888888204888888888
