0000478888888888888888888888888888888887400000016888888886105888888887
0016888888888888643211111234678888888888862000126888777876116888888877
0168888888888631013456665542113688888888887300016888888887105888888777
0588888888873114688888888888751026888888888730016888888886115888888886
4778888888720478888888888888888500688888888850017888888886006888888887
7887888887203888888888888888888860058888888884016888888886105888888888
8887788885017888788888788888888884018888888886006888888887105888888887
8887788884028888888885028888888885017888888886006888888886006888888886
7888888884028888888884027888778885027888888886006888888886105888888876
7887778884038888788884028888888887017888888887016888888887016888888888
8888788885017888788886017888888887106888888887106888888887116888888887
6888778886105888778887215888778888304888888888304888888888303788888887
7888778886005888888887204888888888303888888888877888888887204888877888
8888888886116888888887103888888888611478888888888888888884016888887788
8888888885006888888887201688888888860047888888888888888730278888888775
8888888884027888888886100378888888886202578888888888753015788888888860
8888888885017888888886100048888888888863112355665543102478888888888710
8888888885017888888886100014788888888888754322111234567888888888885111
8888888885127888888886100000257888888888888888888888888888888888730000
