3333322224652223333334666666644444444444444444444444444443333222356666
3322222113542122222223555554333334444444456666666666544333222222223566
3221111112431111111112444532222333344456776655555556676532221111111256
2221111002431011111112444311222233334677544444444444445664211111111135
2211110002430000000001443111222233357754444444444444433355421111111124
2211110002330000000102442112222333577544444444444444433324531111111123
2211110002330000011112442222233334676444444444444444333322442111111122
2211110002330001111113553333334444775444444444675443333222442011111122
2211110002431111112223663334444445785444444444775333332221342000111122
2211110002431111222334764444444445785444444444774333222111342000111122
2211110002431112223335774444444445775444444444664322221111342000111122
2211110002431122233445774444444445775444444333663222111110342000111122
2211110001442122333444444444444446874444433333553111111100342000111122
3211111011343223334444444444444457754443333323552111111000342001111222
4221111111135432334444444444444577644433332224542111111111342011111223
6322111111113555434444444444456775444333332235542111111111342111111223
6532221111122245666655555667776544444333332455553111111111443111122223
6664222222222333456677777766554444444443335666553222222222453222222333
7776533333333334444445555544444444444444567666664333333333564333333334
