4410000000000000000000000000000000011111212233445556667777777778888877
4410000000000000011233444432210000011111122233445556677777777778888777
4410000000000124677888888888876420001111122233345566677777776778888777
4410000000135788888888888888888886310111122334445566777777775678888777
4300000014788888888888888888888888863111222333445566777777775677887777
4300001578888888888888888888888888888632223334455667777777765677887777
4200147888888888888777777788888888888886433344556677777777765677777777
4102688888888888777777777778888888888888875445566777777777755777777777
4137888888888876777777777777788888888888888777777777777778755777777777
3488888888887777777777777777777888888888888888888888787887656777777777
5788888888877777777777777777777788888888888888888888888875357777777777
7888888888777777776666666677777778888888888888888888887522577777777775
8888888887777776666666555445678888778888888888888876521147777777777754
8888888877777666666555443322123467888888777777764321135777777777777544
8888888777766666665554433221110004667777777775322346777777777777775444
8888887776666666655544332111110001566666666667777777777777777777544444
8888877766666666655444332211100000156666777777777777777777777664444444
8888877766666666555443321211100000002577777777777777777777642344444444
8888777766666665554443321211100000000024677777777777776532003444444444
