6666532222222222222222222222222222222222356666663222222222563222222222
6663222222222222234555555544322222222222224666663222222222563222222222
6632222222222245655433333445665322222222222466663222222222563222222222
6322222222224664322222222222235653222222222246663222222222563222222222
4222222222256522222222222222222366422222222225663222222222563222222222
2222222222564222222222222222222235632222222223663222222222563222222222
2222222223662222222222222222222224652222222222663222222222563222222222
2222222224652222222223552222222223662222222222563222222222563222222222
2222222224652222222223652222222223663222222222563222222222563222222222
2222222224652222222223652222222223663222222222563222222222563222222222
2222222224652222222223652222222223663222222222563222222222563222222222
2222222224652222222223652222222223663222222222553222222222563222222222
2222222224652222222223662222222222563222222222222222222222663222222222
2222222224652222222223663222222222465222222222222222222225652222222222
2222222223652222222223665222222222246532222222222222222256522222222224
2222222224652222222223666422222222223565322222222222234664222222222236
2222222224652222222223666642222222222235655433333344565422222222222356
2222222224652222222223666664222222222222234455555554322222222222223566
2222222224652222222223666666532222222222222222222222222222222222356666
