4444310000000000000000000000000000000000134444446888888887546888888888
4442000000000000112333333332100000000000003444446888888887446888888888
4410000000000123433221111223443100000000000244446888888887446888888888
4100000000002442100000000000023431000000000024446888888887446888888888
2000000000034310000000000000000144200000000003446888888887446888888888
0012221000343000000000000000000014420000000002446888888887446888888888
2678887621441000000000000000000002430000000001446888888887546888888888
7888888884430356666411430000000001441000000001446888888887546888888888
8888888886435888888873441000000001441000000001446888888887446888888888
8888888886448888888886440000000001441023443200446888888887446888888888
8888888886458888888886440000000001442688888862346888888887546888888888
8888888886458888888886440000000001446888888887447888888888446888888888
8888888886448888888886441000000000446888888888878888888887447888888888
8888888886448888888886441000000000244788888888888888888885436888888887
8888888886458888888886443000000000024478888888888888888754302788888864
8888888886458888888886444200000134434445678888888888876432000024443214
8888888886458888888886444420004788888765445666777665543210000000000144
8888888886358888888886444442038888888888766555433322110000000000002444
8888888886348888888886444444337888888888888874100000000000000000134444
