0000268888888888888888888888888888888888520000006888888888315888888888
1115888888888888654321111234578888888888884000006888888887105888888888
0178888888888741012455665432102588888888888400006888888886103888888888
0588888888884103678888888888752026888888888830006888888887103888888888
4878888888720278888888888888888500488888888881005888888887105888888888
7888888888203888888888888888888860058888888885006888888887105888888888
8888888885007888888888778888888884018888888887005888888887104888878888
8888888884018888888886017888888886007888888887105888888887105888888888
7888788885018888888885007888888886007888888887105888888887105888888888
8887778885018888888885007888888886007888888887105888888888204888888888
8888788884018888888885007888888886006888888887005888888887104888888888
8888888884018888888885017888888886006888888887206888888887104888888888
8888888884018888888885007888888887005888888888878888888887006888878888
8888888884018888888885005888888888401788888888888888888882028888888887
8888888884018888888885001888888888830168888888888888888720278888887783
8888888783018888888885000488888888885102578888888888863004888888888850
8778888884018888888885000048888888888852002455666542101478888888888600
8888888884018888888886000003788888888888754221111123578888888888885000
8888888884018888888885000000168888888888888888888888888888888888720000
