4888888864778888888887777777620000000000000000000000000000000000157777
0245665303778888888887777774000000000000123556666654310000000000003777
0000000003778888888887777730000000000025775432222345676310000000000267
0000000003778888888887777400000000002676310000000000024773000000000027
0000000003778888888887776000000000037720000000000000000158510000000004
0000000003778888888887773000000000376100000000000000000005850000000001
0000000003778888888887771000000000673000000000010000000001772000000000
0000000003778888888887761000000001772000000000572000000000683000000000
0000000003778888888887761000000001772000000001673000000000673000000000
0000000003778888888887761000000001771000000001672000000000673000000000
0000000003778888888887761000000001771000000001672000000000673000000000
0000000003764888888873650000000001771000000001672000000000673000000000
0000000002771246665310100000000003761000000001772000000000673000000000
1000000000585000000000000000000016730000000002772000000000673000000000
4000000000158510000000000000000267400000000006773000000000673000000000
7200000000003774200000000000125762000000000047773000000000673000000000
7720000000000136765432222345675200000000000377773000000000673000000000
7773000000000000134566666554210000000000004777773001111000673000000000
7777510000000000000000000000000000000000267777772257787641673000000000
