0000000003877777777777777778630000001111000000111000001111000000158888
0000000003877777777777777785100000000000124566666654310000000000003788
0000000003877777777777777840000000000035776543223345776410000000000278
0000000003877777777777778400000000002686310000000000125874000000000027
0000000003865777777875776000000000048730001110001000000168610000000004
0000000003861356776522883000000000387201111111000000000005850000000001
0000000003860001110002871000000001684011111111110100100001782000000000
0000000003860000000002871000000101782011111101672011100000684000000000
0000000003860000000003871011111102782011111101783000000000684000000000
0000000003860000000003871011111102882011111101783000000000684000000000
0000000003860000000003871011111102882011111101783000000000683000000000
0000000003860000001102761011111102882011111101783000000000683000000000
0000000002871000001110111111111103871010000001783000000000683000000000
1000000000585000001111001111111017840000000003883000000000683000000000
4000000000158610001111111111000278400000000006883000000000683000000000
7200000000004785210000000000136873000000000048783000000000683000000000
8720000000000146775433223346776310000000000387783000000000684000000000
8873000000000000235666776654310001000000015877783000000000684000000000
8888510000000111000001111000001111111000268877783000000000684000000000
