2222211113761111111113766777632222222223322222222222222222222222357777
2211111113651111111112666664111122222222345666666665432222222211113677
2111111103651001111102666631111111222246776544444456776422221111111267
1111110002650000000002656301111111213676432222222222235774211111111136
1111100002640000000002665111111111147742222222222222222367521111111114
1111100002640000000102663111111122477322222222222222222225751111111112
1111100002650000111113662112222222685222332222332222222222662111111111
1111100002651011111113762222222223784233333323674222222221563011111111
1111100002651111112223772222222223784233333323784222222211563010111111
1111100002651111122224773223333323784233333223784222222111563000011111
1111100003651112222224873333333323883233222223774222211111563000011111
1111110003651122222224763333333323873222222222673121111111563000011111
1111111102662122222223333333333324873222222222673111111100463000011111
2111111111475222222223333333332237842222222213663111110000463000011111
4111111111157522222223333332222478522222211115662011000000463000011111
7311111111114775322222222222346864222222111146662010000000463000111111
7731111111121246776544444456776422222222111366662011111111563011111112
7774222222222222345677777665432222222222124766663111111111563111111122
7777632222222222222233333322223322222222367777773122211111574111222222
