3322222111100000000000000000000000000000000000000000000000000000000000
2221111100000000000000000000000000000000000000000000000000000000000000
2111111111110000000000000000000000000000000000000000000000000000000000
2111111111111111110000000000000000000000000000000000000000000000000000
3322222222111111111000000000000000000000000000000000000000000000000000
2222211111111111111111000000000000000000000000000000000000000000000000
1111111111111100000000000000000000000000000000000000000000000000000000
2222111111100000000000000000000000000000000000000000000000000000000000
1111111111000000000000000000000000000000000000000000000000000000000000
2222222111111100000000000000000000000000000000000000000000000000000000
3322221111000000000000000000000000000000000000000000000000000000000000
1111110000000000000000000000000000000000000000000000000000000000000000
2111111111111100000000000000000000000000000000000000000000000000000000
3333222211111110000000000000000000000000000000000000000000000000000000
2222222111111111000000000000000000000000000000000000000000000000000000
2211111111111000000000000000000000000000000000000000000000000000000000
1111110000000000000000000000000000000000000000000000000000000000000000
2221111100000000000000000000000000000000000000000000000000000000000000
1111000000000000000000000000000000000000000000000000000000000000000000
