4444444456888877777778887777777777777777777510000000000000000001111222
4444444688888877778776433222223456777777777762000000000000000001112223
4444457888888788876433345555544222357777777776100000000000000111122333
4444688888888887655577888888888877767766666667300000000000001111223344
4457888888888875567777777778888888888877666667400000000000011122233455
4688888888887655677777777778888888888888876666300000000000111222344555
6888888888875567777777777778888888888888886564000000000011112234455566
8888888888655677777777777667777778888888888530000000001111222344556666
8888888886556777777766666556677777888888888300000000111122234455666666
8888888765567766666666555445677777888888888300000111112223445566666677
8888887556676666666665444334567777788888888401111112223345566666677777
8888875566666666665544433324556777788888888622222223344556666677777776
8888755666666666555444333223455777788888888863333444556666777777777655
8886566666666665554433322221346777778888888787666666677777777777765457
8876766666666555544333222111158777777888887777777777777777777766545778
7777766666665554443332221111057777777788877777777777777777775445678888
7777766666555544333222211110047778887777788877777777778775323567888888
7777766565554443332122111000027778888777535677888887764322467888888888
7777665555544433321211110000004777888887864323333332223578888888888888
