0013678888888888888888888888887888888876210000147888888875236788888875
0246888888778887533211112236778888888887641001347887777764246788888775
0378888888877531013556655542224678888888875200136888888876225788887776
1478888888863234578888888888642136888888888630146888888875335788888765
3678888888633578888888888888876424788888888630157888888863136888888876
7877788886214778778888888888888862268887788863147888888875136888888887
8877788873047887778888888888888873157888888874037888888876225788888876
8777788873268887788874257888888874146888888864246888888873147888888874
7788888873258888888873158887778874158888888874148888888875236888888875
7887778885237888778885147888888887336888788886237888888886136888878887
7888778887215888778887215888888888414888888887315888888887425888878886
5788777888524788778888524788878888622688888888623688888888611688888888
6888778887413788888888523688878888622688888888877888888887523788877888
7888877887424788888888512688888888741258888888888888888886324788887788
7888888887203788888888510478888888873036887888888878887752257888888765
8888888874126888888876310368888888876302678888888888653234788888888752
7888888885115888888876300138888888888754312455665443202468888888888731
7888888875136888888886200035788888888888755322111245567888888888885212
8888888774247888888886200001357888888888888888888888888888888888630000
