2222355555555555566665555666655555555555532222225655555555324655555555
2224655555555565544333333334556655555555653222225655555555324655555555
2256555555556543233444554443223556555555556422225655555555324655555555
2565555555554223556666666666543235655555555642225655555555324655555555
4655555555532356655555555555566422465555555553225655555555324655555555
5555555555323665555555555555555652246555555564225655555555324655555555
5555555564225655555555555555555564235555555555225655555555324655555555
5555555564235555555565235555555565225555555555225655555555324655555555
5555555564235555555564225555555565225555555555225655555555224655555555
5555555564235555555564225555555565225555555555225655555555224655555555
5555555564235555555564225555555565225655555555224655555555224655555555
5555555564235555555564225555555565225655555555325655555555224655555555
5555555564235555555564225655555555224655555555555555555565225655555555
5555555564235555555564224655555556422565555555555555555653236555555555
5555555564235555555564223555555555642256655555555555566532355555555564
5555555564235555555564222465555555564223456666666666553224565555555652
5555555564235555555564222246655555556543223444555443223456555555556522
5555555564235555555564222223565555555666544333333333455665555555664222
5555555564235555555564222222356555555555666665555666665555555556532222
