8888877766665566666666777777777777777777402677777777750134444444444444
8777666556666666666666666677777777777888851157777777773001344444444444
7777666666666666666666666666777777778888886116777777776100012444444444
7766666666666666666666666666666677778888888513777777777300000013444444
6665555555555555555555555555556667788888888852677777777300000000112344
5555555555555544444444444444445556888888888786677777777300000000000011
5554444444444443333333333333344567778888888888667777776100000000000000
4444444443333333332222222223346777778888888888666777773000000000000000
3333333333222222222222221123577777778888888888666667740000000000000000
3322222222222211111111111246777777788888888887666676200000000000000000
2222222111111111111111014788777777888888888875666531000000000000000000
1111111111111111110001478888777788888888887323221000000000000000000000
1111111111110000000015888888777888888878851000000000000000000000000000
1111000000000000000058888888878887777777410000000000000000000000000111
0000000000000000000178888888888777777775221111100000000000011111111111
0000000000000000000288888888878777777774332221111111111111111111122222
0000000000000000000288888888877777777776544333222222222222222222233333
0000000000000000000178888888875777777777665544444433333333344444444444
0000000000000000000048888888885677777777766666655555555555555555555555
