3336888888888888776554444556788888888888886333333688888888843688888888
3478888888888865444556666554334688888888888743333688888888843688888888
4788888888886445788888888888764336888888888874333688888888843688888888
6888888888853578888888888888888743478888888886333788888888843788888888
8888888888535888888888888888888885348888888888433788888888744788888888
8888888886348888888888888888888888436888888888633788888888744788888888
8888888885358888888887447888888888535888888888634788888888734788888888
8888888885358888888886347888888888535888888888634788888888734788888888
8888888884368888888885358888888887436888888888634888888888634888888888
8888888873378888888884368888888887347888888888535888888888634888888888
8888888873478888888874378888888885348888888888435888888888635888888888
8888888863478888888873478888888884358888888887436888888888535888888888
8888888863488888888863378888888884368888888887447888888888536888888888
8888888863488888888863378888888885358888888888888888888887436888888888
8888888853488888888863358888888887436888888888888888888885358888888888
8888888853588888888863337888888888743688888888888888888753478888888887
8888888853588888888853334888888888875346788888888888875346888888888874
8888888853588888888853333588888888888754345667776655434678888888888743
8888888853588888888853333347888888888888765444444455678888888888887433
