8888888886457888888887444445420000000000000000000000000000000000135544
8888888886457888888887444553000000000000012334444433210000000000002454
8888888886457888888887444520000000000013444322112223444210000000000145
8888888886457888888887445300000000001454210000000000013542000000000014
8888888886457888888887454000000000025420000000000000000135300000000002
8888888886458888888887452000000000254100000000000000000003530000000000
8888888886458888888887441000000000452000000000000000000001451000000000
8888888886457888888887441000000001451000000000441000000000452000011000
8888888886457888888887441000000001451000000001452001221100452036677631
8888888886457888888887441000000001451000000001452267887751453688888886
8888888886457888888887440145655301441000000000444888888887446888888888
7888888885458888888887555788888862441000000000447888888888546888888888
2578887631557888888888788888888885440000000001447888888888546888888888
0012221000355888888888888888888875520000000002546888888888546888888888
3000000000035578888888888888888754200000000004547888888888546888888888
4100000000002456788888888888775441000000000025447888888888546888888888
5410000000000123456677777665544310000000000254447888888888546888888888
4542000000000000122334455556677777520000003544446888888888546888888888
4445310000000000000000013788888888871000145444446888888888546888888888
