8888888888851000000000000000000000000000000000037988888200000000189300
8888888898300000000000013567777765421000000000001698888200000000189300
8888888972000000000014787643333345788620000000000059888200000000189300
8888888820000000001588520000000000013796200000000005988200000000189300
8888888300000000017951000000000000000038830000000001788200000000189300
8888887100000000079500000000000000000002882000000000498200000000189300
8888886000000000397100000000010000000000496000000000288200000000179300
8888886000000000596000000000386000000000397100000000188200000000179300
8888886000000000596000000000497000000000397100000000188200000000179300
8888886000000000596000000000497000000000288100000000188200000000179300
8888886000000000596000000000497000000000288100000000188200000000179300
8888886000000000596000000000497000000000288100000000177100000000189300
8888887000000000596000000000497100000000188200000000011000000000288100
8888886000000000596000000000498200000000049710000000000000000000695000
8888883000000000596000000000499600000000005972000000000000000027950000
8888850000000000596000000000498840000000000379621000000000002588300000
8888500000000000596000000000498883000000000013687643322334678731000000
8884000000000000596000000000498888400000000000013566777776531000000000
8620000000000000596000000000498888972000000000000000000000000000000000
