7777521111111111100011111100011111111111367777773011111111683011111111
7773111111111101234566666654210011111111015777773011111111683011111111
7720111111110146765433333346775311111111110477773011111111683011111111
7201111111114775210000110001136762011111111047773111111111683011111111
4011111111168520111111111111101377411111111116773111111111683011111111
1111111111585111111111111111111027731111111103773111111111683011111111
1111111113771111111111111111111103861111111112773111111111683011111111
1111111104861111111112761111111112772111111111673111111111673011111111
1111111104761111111103771111111112772111111111673111111111673011111111
1111111104761111111103761111111112772111111111673111111111673011111111
1111111104861111111103761111111112772111111111783111111111673011111111
1111111104861111111103761111111112772111111111672111111111683011111111
1111111104861111111103771111111111683011111111111111111112772111111111
1111111104861111111103773011111110386101111111111111111115851111111111
1111111104861111111103776111111111148721111111111111110258511111111104
1111111104861111111103777401111111103675311011111000125774111111111027
1111111104861111111103777740111111110136776433223345676410111111110277
1111111104861111111103777775101111111101134566666654321011111111113777
1111111104861111111103777777631111111111100011111100011111111111257777
