8888888887668888888887666666520000000000000000000000000000000000146666
8888888887668888888887666664000000000000123455555543210000000000002666
8888888887668888888887666630000000000024665432222234565310000000000166
8888888887668888888887666300000000002565210000000000014663000000000026
8888888887668888888887665000000000036620000000000000000146410000000003
6888888874668888888887662000000000266100000000000000000004640000000000
1467776512668888888887661000000000563000000000010000000001662000000000
0001110003668888888887651000000001662000000000562000000000563000000000
0000000003668888888887651000000001661000000001662000000000563000000000
0000000003668888888887661000000001661000000001562000000000563000000000
0000000003668888888887661000000001661000000001562000000000563000000000
0000000003668888888887650000000001661000000000562000000000563000000000
0000000002667888888888863000000002650000000001662000000000563000000000
1000000000466888888888888400000015630000000002662012333200563000000000
3000000000046678888888888400000256300000000005662378888862563035666530
6200000000003567788888874000124652000000000036666888888887664688888885
6620000000000135667765422335665200000000000366667888888888667888888888
6662000000000000123445555543210000000000004666667888888888667888888888
6666410000000000000000111000000000000000256666667888888888667888888888
