8887777777666666677777777777677778888888888840000000000000000000000001
7777666666666666666666667777777766788888888883000000000000000000000001
7666666666666666666666666677777777678888888887100000000000000000011111
6666666666666666666666666667777777777888888888400000000000000001111111
6666655555555555555555555667777777777888888888400000000000011111111111
5555555555554444444444445567777777778888888888200000000011111111111222
5554444444444333333333334457777777788888888886000000111111111112222222
4444333333333222222222222257777777888888888872011111111111112222223334
3333332222222222111111111168777777888888888840111111111222222223344444
2222222222111111111111110068777777888888888721111112222222333344445555
2221111111111111100000000278777777888888888422222222223333444445555666
1111111110000000000000003568777777888888886333222233333444555556666666
1111000000000000000000036667777777888888885433333334445555666666666677
0000000000000000000000166666777777888888886544444555556666666667777777
0000000000000000000000277776677777888888888766666666666777777777777777
0000000000000000000000277777766766888888888877777777777777777777777777
0000000000000000000000167777777752478888888887777777777777777777777777
0000000000000000000000047777777774015788888888877777777777766677777788
0000001100000000000000016777777777631247888888887777777666667777888888
