7610244444444444100000000110000000000000000011132446677777776347888888
6102444444444441001234566666554310000000000011122446677777776347888888
2014444444444311356777777777777765310000000011122446677777776347778888
0144444444444357777777777777776666663000000011122456777777774148778888
0344444444456777777777777776666666666300000111223456777777772058788888
3444444444677777777777776677777777777610000111224457777777871178788888
4444444446877777777775324677788888888874200112234567777777840387788888
4444444468777777777510268888888888888888763222345777777778711687788888
4444444588777777773026888888888888888888888776677777777778304877788888
4444444787777777730378788888888888888888888888888877777884027877888887
4444444787777777501787778888777777778888888888888887788740278778888885
4444445887777777415877777777777777777778888888888888875104787788888864
4444445887777777436777777777666667777667777778877765311368878888888744
4444445887777777546777777776656655556677777777752112357887888888886444
4444445887777777546777777766554345555467777777777777888888888888764444
4444445888877777646777777766554332234457877777778888888888888875444444
4444445888887778646777777766554332211123688777777888888888887423444444
4444444788888778646777776666554332221100136778777777788876531134444444
4444444788888878645777776666554332221110000245667777654321001344444444
