0000378888888888888888888888888888888888510000005888888887105888888888
0015888888888888754322222234678888888888873000005888888887105888888888
0168888888888742112455665532113688888888888400005888888887105888888888
0688888888884103678888888888752026888888888840005888888887105888888888
4888888888720278888888888888888510488888888882005888888887105888888888
7888888888203888888888888888888861058888888885005888888887105888888888
8888888886017888888888778888888884017888888887105888888887105888888888
8888888884028888888886127888888886017888888887105888888887105888888888
8888888884028888888885017888888886007888888887105888888887105888888888
8888888884028888888885017888888886007888888887105888888887105888888888
8888888884028888888885017888888886006888888887105888888887105888888888
8888888884028888888885017888888886006888888887216888888887105888888888
8888888884028888888885017888888887105888888888778888888887106888888888
8888888884028888888885005888888888401788888888888888888883038888888887
8888888884028888888885002888888888840168888888888888888720278888888884
8888888884028888888885000488888888885102578888888888863014888888888861
8888888884028888888885000048888888888852112455666543102478888888888610
8888888884028888888885000003788888888888764322112223578888888888885101
8888888884028888888885000000268888888888888888778888888888888888730000
