4444200000000000000000000001111222334445566667777778888888874444444430
4444410000000000000000000000011122233445566666777778888888885444444442
4444430000000000000000000000001112233445566666777778888888886444444443
4444441000000000000000000000000011223445666777777778888888886444444444
4444442000000000000123444544332334566667777777777768888888886444444444
4444442000000000235677777666777888887777777777777668888888884444444444
4444443000000036777777766677877777777777777777776478888888871344444444
4444443000003677777777767777777777777777777777776788888888840244444444
4444443000157777777777777777777777788888878887778888888888600144444444
4444444001687777777776467777788888888888888888888888888886100024444444
4444444116877777777741167888888888888888888888888888888851000014444444
4444444158777777776203688888888888888888888888888888886300000002444444
4444444377777777761058888888888888888888888888888887530000000001444444
4444444687777777730488888888887766555555555666655421000000000000144444
4444444787777777711788888888865432221100000000000000000000000000024444
4444444787777777611788887878754433221111110000000000000000000000002444
4444444688887777721787877777665533322111111000000000000000000000000144
4444444688888777852587777777766543322211111100000000000000000000000012
4444444588888887864477777777766554443222111111000000000000000000000000
