0036788888888888888888888888888888888763100001378888888753367888888753
1368888888788876432111122357788888888876420002468877777653357888887764
2688888888776410134566555422236888888888763001357888888763247888887775
3788888888642235788888888886521358888888886400368888888753247888888763
5788888887434788888888888888874236788888887410378888888752257888888764
8777888873136888888888888888888731488888888751258888888863257888888876
8777888761168887788888888888888861268888888861058888888874136888888876
8777888752478887888862368888888862257888888852257888888861257888888864
8888888852378888888851278887788852378888888862268888888863247888888764
8887788874258887788872268888888885247888888884158888888885147888888887
7888778887216888778887226888888888315888888887315888888887325888888886
5688877888633688877888733688877888742578888888742578888888731478888888
5788877888622588888888742578877888852478888888887788888888741478887888
6888888888633578888888732478888888863237888888888888888888523688888778
6888888888511578888888730268888888886214787888888888888863246888888876
7888888886214788888887520157888888887511467888888888864224678888888873
6888888887313788888887520125888888888865421345565544311357888888888851
6788888887324788888888510013678888888888865432211224566788888888887421
7888888886335788888887410000136788888888888888888888888888888888752000
