8888888600788888888888884100000000000000000000000000000000014888888710
8888888600788888888888720000000000012356677766532100000000000268888710
8888888600788888888886100000000002578754332334578752000000000016888710
8888888600788888888871000000000158741000000000001478510000000001688710
8888888600788888888820000000002784100000000000000014872000000000288710
8888888600788888888600000000017830000000000000000000387100000000058710
8888888600788888888500000000059600000000001000000000069500000000038710
8888888600788888888500000000069400000000048400000000049600000000038710
8888888600788888888500000000068400000000059500000000048600000000038710
8888888600688888888500000000068400000000058500000000048600000000038710
8888888600788888888500000000068400000000058500000000048600000000038710
8888888600788888888500000000068400000000058500000000048600000000027610
8888888501788888888500000000068400000000058600000000028710000000001100
8888887105888888888500000000068400000000058710000000006950000000000000
8888851048888888888200000000068400000000058840000000001696100000000000
8875201688888888884000000000068400000000058882000000000048852000000000
4210258888888888840000000000069400000000058887200000000001478754332233
3457888888888887300000000000069400000000058888830000000000001356677776
8888888888888851000000000000069400000000058888886100000000000000001100
