8888888888888888888888888888885100000068888888870068888888888888510000
8888886532211122346788888888888720000068888888870068888888888872000000
8887410134556554320136888888888883000068888888870068888888888610000000
8730046888888888887510268888888888200068888888870068888888887100000000
6103788888888888888884005888888888710068888888870068888888883000000000
1048888888888888888888500688888888840068888888870068888888870000000001
0178888888887788888888830288888888860068888888870068888888860000000003
0288888888850388888888850178888888860068888888870068888888860000000005
0388888888840188888888850178888888860068888888870068888888860000000005
0388888888840288888888850178888888860068888888870068888888860000000005
0388888888840288888888850178888888860068888888870068888888860000000005
0388888888840288888888850178888888871178888888870068888888860000000005
0388888888840178888888860068888888887788888888860078888888860000000005
0388888888840068888888883027888888888888888888720388888888860000000005
0388888888840038888888887302688888888888888886103888888888830000000005
0388888888840005888888888851036788888888887630158888888888500000000005
0388888888840000588888888887520124556655421025788888888885000000000005
0388888888840000048888888888887542211112245788888888888840000000000005
0388888888840000002688888888888888887788888888888888886200000000000005
