8888888888888777777777777777888888888888862000000000000000001111111122
8888888877777777777777777777767788888888887200000000000000111111111222
8888777777777777777777777777776667888888888710000000000001111111122233
7777766666666666666666677777777777788888888830000000001111111122222334
7666666666666666666666666777777777788888888850000000111111112222233444
6666666666666666555555666677777777888888888840001111111112222223444445
6666666655555555555554555677777777888888888820111111112222223344445555
6555555555554444444333344577777778888888888711111112222223334444555566
5555555444444333332222222377777778888888888611112222223333444555566666
5544444433333222222111111168777777888888888522222223333444555566666667
4444333332222221111111111048777777788888888433333333444555666666677777
3333322222211111111100000037777777788888888533344444555666666677777777
2222222111111111100000000366777777788888888644455555666677777777777777
2221111111110000000000001666677777788888888876666667777777777777777777
1111111100000000000000003766667777778888888888777777777777777777777777
1111000000000000000000002777766677668888888888887777777777776666777787
1000000000000000000000001677777767634678888888888777777777656677788777
0000000000000000000000000477777777763124788888888888777655677788877777
0000000000000000000000000057777777777631123556777766655667788877777777
