6788888888888888888888888878888887742100013578888887645667888887643100
7788887778775432211222467778888888765421123568877776555567788877654323
8888887776432235666555543346778888887753112457888887765456788887775544
7888887644445788888888876544567888888876432567888888754457788887654334
8888877655688888888888888765556778888887532477788888754457788888775323
7788875456677778888888888888754468887888754456788888765456788888876542
7888764467888888888888888888765567888888764467888888765555678888776433
8888755678888888766567888888755556788888745666788888743467888888754345
8888753578888888763478887788754578888888764578888888765567788888754444
8777876556788888875457788888886566788888887556788888887556788888887755
7888888875567788888876566788888876566788888866666788888866666788888766
7667888778876566787788876556788778876656788888876655788888876545678888
7545788777888633678888888743578877888753478888888877788888888753578877
7545788887777764468888888764357888888875335788888888888788888743478888
6545688888888752357888888863236888888887523578788888887788776435788888
4456788888887433578888887543346788888887544567888888888765454568888888
4345688888888642478888877653223688888888766653345555544432356788888888
4445678888887644578888887652013567888888888876543221123456778888888887
0124688888877644577888887652100124678888888788888888888888888888888765
