0011123456777777777676666777777775323344444444443444454566666666665222
0023467777777777777777776677777777653123444444444444555566666666541122
0356777777777777777777666777776666666511344444444444445566666554311222
4677777777777765443222223334566666666553123444444444444455544444102222
6777777777653211234455666554445655555556521244444444444444444442022222
6666767764213467888888888888877766555555553113444444444444444421222222
6666666423578888777777777777777787776655555421234444444444443212222222
6666664357887777777777778877777777777776555443211344444444432222222222
6666654688777777777777777778887777777777765434332212223333222222222222
6677546877777777777777666666677877777777775333344333333333222222222220
7777457777777776677766666554433567777776674333333333333332222222222100
7776468777777775676666665554422114776666643333333333333322222222210000
7776467777777765666666655544433222566554311223333333332222222211000000
7775577777777765666666555554433323333322111111122333222222111000000000
7775577777777765566666555554433332322222222211111100000000000000000000
7765677777777776556666555555543333233222222221110000000000000000000000
7765677777777777555666555555543333322332222111111110000000000000000000
7656677777777777654566555555554333332222221111111111111111111100111000
7656767777777777765455555555555433333222222221111111111111111111111111
