1111378777777777888887778888887777777778621111116877777787215877777777
1115887777777888754322222334678877777777873111116877777787215877777777
1168777777788752123455665542113678777777788411116877777787215877777777
1687777777874113678888888888752126877777777841116877777787215877777777
4877777778730378887777777777888511487777777872116877777787215877777777
7877777777303887777777887777777861158777777785116877777787215877777777
8777777786117877777777778777777785027877777787116877777787215877777777
7777777784027777777786127877777786117877777787216877777787205877777777
7777777784027777777785017877777786116877777787216877777787205877777777
7777777784027777777785127877777786116877777787216877777787205877777777
7777777784027777777785127877777786116877777787105877777787205877777777
7777777784027777777785127877777786116877777787316877777787205877777777
7777777784027777777785117877777787215877777777778777777786116877777778
7777777784027777777785115877777778502787777777787777777873038777777787
7777777784027777777785112787777777841268887777777777788730378777777784
7777777784027777777785111487777777885213578888888888764114787777777861
7777777784027777777785111148877777778753113456666543212478877777778611
7777777784027777777785111114787777777888764322222234568887777777885111
7777777784027777777785111111268777777777888887777888887777777778631111
