8888888885237888888886222233210000000000000000000000000001478887642222
8888888885237888888886222232000000000000011222222221110006888888886322
8888888885237888888886222310000000000012222211111111222117888888888632
8888888885237888888886223100000000001232100000000134433324888888888862
8888888885237888888886222000000000013210000000000688887642478888888885
8888888885237888888886231000000000132100000000002888888884248888888887
8888888885237888888886221000000000231000000000026888888887326888888888
8888888885237888888886220000000000221000000000236888888888325888888888
8888888885237888888886220000000001221000000000226888888888325888888888
8888888885237888888886220135555310221000000000226888888888325888888888
8888888885237888888886223788888873221012221000226888888888325888888888
8888888885237888888886347888888887221578887630226888888888325888888888
8888888886237888888888778888888886237888888885226888888888325888888888
7888888888424888888888888888888873258888888886226888888888325888888888
5888888888742478888888888888888632588888888883226888888888325888888888
2688888888885325778888888888764236888888888852226888888888325888888888
2368888888888752234566666654324678888888888522226888888888325888888888
2236888888888886111122233345678888888888875222226888888888325888888888
2222478888888888200000027888888888888888632222226888888888325888888888
