8888888888888888888888888888888764210001368888888765567788888764310012
8888777787543211222356777888888876542112357887777666666778887765322356
8888776653224566655554345677888888765321246788888876555678888776554445
8888765445578888888887655567788888887643357788888875446788888765434455
8887776578888888888888776556677888887753357788888765456778888876542345
8887545777877888888888888775457888888865556788888876556678888887664321
8876457888888888888888888876567888888876456888888876555567788876653344
8876567888888876666788888876566678888875467678888875446788888886444566
8887546788888887645788887886655788888887655788888887655678888886554445
8878776667788888765677788888876666788888876667888888876566788888887655
7888888775567788888876567788888876566788888766657788888876666788888767
6667887788865566787788766566788778876656788888876656788888876555778888
6555788877888743578888888753478888888864467888888877788888888754578877
7654568888777766546788888876445788888887543478888888888888888875346888
7654457888888886224788888887523578888888863246778888888778888754568888
5434568888888763346888888875333578888888865445678888888887654445788888
4444457888888876435788888776532247888888887666533455555444323567888888
5544457788888875446788888876410235678888888888765322112234567788888888
1111357888888765456788888876310012356888888877888888888888888888888887
