6666532222222222222222222222222222222222366666663222222222574222222222
6664222222222222334555665554322222222222224666663222222222574222222222
6632222222222245665443333445665322222222222466663222222222574222222222
6322222222224665322222222222235653222222222246663222222222574222222222
4222222222257532222222222222222366422222222225663222222222574222222222
2222222222575222222222222222222236632222222223663222222222674222222222
2222222223662222222222222222222224662222222222663222222222674222222222
2222222224752222222223652222222223662222222222663222222222674222222222
2222222224752222222223762222222223663222222222663222222222674222222222
2222222224752222222223662222222223663222222222663222222222574222222222
2222222224752222222223762222222223663222222222673222222222674222222222
2222222224752222222223762222222223663222222222563222222222674222222222
2222222224752222222223762222222222674222222222222222222222663222222222
2222222224752222222223663222222222476222222222222222222225752222222222
2222222224752222222223665222222222246632222222222222222257522222222224
2222222224752222222223666422222222223665322222222222234664222222222236
2222222224752222222223666642222222222235665443333345665422222222222366
2222222224752222222223666664222222222222234555666554332222222222224666
2222222224652222222223666666632222222222222222222222222222222222356666
