8888888887668888888887666667520000000000000000000000000000000000147666
8888888887668888888887666674000000000000123455555544210000000000003666
8888888887668888888887666630000000000024665432222335665310000000000266
6888888875668888888887667400000000002575210000000000024663000000000026
1467776512768888888887665000000000037620000000000000000157510000000003
0001110003768888888887672000000000276100000000000000000004750000000001
0000000003768888888887661000000000573000000000010000000001672000000000
0000000003768888888887661000000001662000000000562000000000573000000000
0000000003768888888887661000000001662000000001672000000000573000000000
0000000003768888888887661000000001661000000001672000000000573000000000
0000000003768888888887661000000001661000000001672000000000573000000000
0000000003768888888887650000000001661000000001672000000000573000000000
0000000002767888888888600000000002761000000001672000000000573000000000
1000000000477888888888500000000016730000000002772000000000573000000000
4000000000057767788774100000000267300000000005772000000000573000000000
6200000000003665332100000000025762000000000037672035666420573000010000
7620000000000135654332222345665200000000000376664688888885573146676530
6663000000000000124555665543210000000000004766667888888888664688888886
6667410000000000000000000000000000000000257666667888888888767888888888
