8889720000000000000000000000000000000000269888894000000000695000000000
8984000000000000134667777664310000000000004888894000000000695000000000
8830000000000136886533333456886310000000000388894000000000695000000000
8400000000003796310000000000136973000000000038894000000000695000000000
6000000000059720000000000000000279500000000006994000000000695000000000
2000000000597100000000000000000017940000000002894000000000695000000000
2000000001882000000000110000000002881000000000794000000000695000000000
2000000003981000000001771000000001892000000000694000000000695000000000
2000000003981000000002882000000001893000000000694000000000695000000000
2000000003981000000002882000000001893000000000694000000000695000000000
2000000003981000000002882000000001793000000000794000000000695000000000
2000000003981000000002882000000001793000000000583000000000695000000000
2000000003981000000002882000000000695000000000010000000000793000000000
1000000003981000000002894000000000288200000000000000000004971000000000
0000000003981000000002898100000000038830000000000000000159710000000003
0000000003981000000002889600000000002697310000000000024885100000000018
0000000003981000000002888950000000000026886543223345787410000000000179
0000000003981000000002888896100000000000124667777765420000000000002798
0000000003981000000002888889830000000000000000000000000000000000158988
