6788888888888888888888888888888888763210002468888888754567788888764210
7788888777876533211222357778888888776531012457887777655566788887764322
7888888776542224566655544345678888888764211356788878876556778887776544
7888888754444678888888887654567888888887543467788888765456788887765334
8888887765678888888888888776556778888887532467788888754457788888776422
7788875456778878888888888888764578888888755567888888765566788888876642
7888764568888888888888888888765678888888764468888888765555678888766433
8888765678888888766567888888755557888888745766788888743567888888754445
8888864578888888863478887788765478888888764578888888865557788888754444
8777876546888788875457888888887556788888887557888888887546888888887655
8877888753578877888863578888888863478888888764578888888764578888888766
6888778887546788778886555788777887645788888887655788888887544678888886
4788877888742578888888853478877888864467888888877788888888753478887788
4578888777776446888888876445788888886533578888888888888888874347888888
4468888888875225788888887423678888888862247888888888778877743578888888
4578888888763347888888865323578888888864335678888888887644445788888887
4457888888876434788888776532236888888887665533455555444322567888888888
4456788888876435778888887520024677888888888765432211234566788888888887
1136788888876544678888887631000135788888887788888888888888888888888765
