8888621111111111111111111111111111111111378888883111111111784111111111
8884111111111111245667777664321111111111125888883111111111784111111111
8731111111111247876543334456776311111111111488883111111111784111111111
8311111111114885321111111111246873111111111158883111111112784111111111
5111111111268621111111111111111378411111111117883111111112784111111111
2111111111686111111111111111111127841111111114883111111112784111111111
1111111113872111111111221111111114872111111112783111111112784111111111
1111111114861111111113762111111113872111111112783111111112784111111111
1111111114861111111114872111111113872111111112783111111112784111111111
1111111114861111111113872111111112882111111112783111111112784111111111
1111111114861111111113872111111112882111111112783111111111784111111111
1111111114861111111113872111111112883111111112673111111111784111111111
1111111114861111111113872111111112784111111111221111111112783111111111
1111111114861111111113884111111111487211111111111111111116861111111112
1111111114861111111113886111111111158731111111111111111268621111111115
1111111114861111111113888511111111113786321111111111135874111111111138
1111111114861111111113888841111111111146776543333446787421111111111378
1111111114861111111113888885211111111111235667777665421111111111114788
1111111114861111111113888888731111111111111111111111111111111111268888
