8888888886447888888886444444310000000000000000000000000000000000134444
8888888886447888888886444443000000000000012333333332110000000000002444
8888888886447888888886444420000000000013443221111223343210000000000144
8888888886447888888886444200000000001343200000000000012442000000000014
8888888886447888888886443000000000024410000000000000000134300000000002
8888888886447888888886442000000000244100000000000000000003430001222100
8888888886447888888886441000000000342000000000000000000001441267888762
8888888886447888888886440000000001441000000000341146666530344888888887
8888888886447888888886430000000001441000000001443788888885346888888888
8888888886447888888886440023443201441000000000446888888888446888888888
8888888886447888888886432688888862441000000000346888888888546888888888
8888888886447888888887447888888886441000000000346888888888546888888888
8888888887447888888888788888888886440000000001446888888888446888888888
7888888886345888888888888888888874420000000001446888888888446888888888
4688888872034578888888888888888744200000000003446888888888446888888888
4123444200002346788888888888765444344310000024446888888888446888888888
4410000000000123455667776665445678888874000244446888888888436888888888
4442000000000000112233345556678888888888302444446888888888436888888888
4444310000000000000000014788888888888887334444446888888888436888888888
