8888888886337888888886333333310000000000000000000000000000000000023333
8888888886337888888886333332000000000000011222222222110000000133322333
8888888886337888888886333320000000000012332211111122332100016788887633
8888888886337888888886333200000000001232100000000000001331068888888863
8888888886337888888886332000000000013310000000000013443223268888888885
8888888886337888888886331000000000133100000000000168888764348888888887
8888888886337888888886331000000000231000000000013688888887336888888888
8888888886337888888886330000000001331000000000236888888888425888888888
8888888886337888888886330000000001331000000000336888888888435888888888
8888888886337888888886330145665410331000000000336888888888425888888888
8888888886337888888886324788888873331000000000336888888888425888888888
8888888886237888888887348888888887331000000000336888888888425888888888
8888888886337888888888778888888886321356654101336888888888425888888888
7888888888424888888888888888888873347888888731336888888888425888888888
5888888888742478888888888888888632588888888873336888888888425888888888
3688888888885235788888888888764236888888888853336888888888425888888888
3368888888888312345666666654334678888888888533336888888888425888888888
3336888888888300111222334445678888888888875333336888888888425888888888
3333467777863000000000026888888888888888643333336888888888425888888888
