0001578888888888888888888888887888888876421000136788888876435788888887
2225888888878877665321112235568888888888765310026888888876324788888887
1257888888888763113444555553224567888888888521125778888886323688888887
4357788888886533356888888888765423578888888864113578888888632368888888
6567888888763247778888888888778631368888888875214788888887412678888888
7777778888523578778888888888888863236888888886424788888887534678888888
8888777887425788888888778888878886325788878887435788888888523678877888
5788888887314888888887435788888887415888877887534788777887524788877888
4678878888633688888888623778878888523788888888633788877888622788877888
6788878888634788888888633788887888534788888888743588877888634688877788
4578878887533678877888742588888888743578877888742478888888743478888887
4578888886532578888876543578888876444578888887544678887888654578887777
6788888764445788888876324788888887534678888888887888778887424678877778
7888888764246788888875335788778887424788888888888887777763347888777776
7788888775335788888876213578888887753357788888888888887544678888887644
6788887653357888888764114578888888864224678888888887543236788888886422
7778887653367888888763111257888888887642224555665431113577788888876311
7788887654346777778764310024677888888887753221112234578887788887764201
7888887752357888888763100001367888887777888888888888888888888877520002
