7888888888888888888888888876531000135678888876566778888876532223333332
7777654322112234567788888887653101134677787776556778888766543333333322
7643233455555543223467888888775311134677888776555677888877643222222211
5333578888888887653346788888777542346778888875445778888877643211111111
5567788888888887777644567888777653345778888875445678888877643333333332
5677777777888888887653457788887764335567888876456778888776543322111111
7787788877788888887754467888887764356788888875556778888876543211000000
8887788765567888888765467888887764457888887765456788888775433222222221
7888887653567888887754567888887754457788888765556788888876544332222211
7877777655678888887654567888887765567888888754567888888877654333333332
7877787755678888888754567888887765567888888764567788888877776665554333
7777787754567888888764467888887764567788888765456788887776665554433222
7888887754467888888765456888888877788888888765567788888876544444444444
7888887754467888888775446788888888888888877654567888888776655555555544
7888888764345788888887643467788888888888876545677888887776544333333332
7888887764223578888888754334678888888887654445677888888765432222111110
6778887765311356788888887643223455555432234567888888888754322222111000
6778888775421235678888888877653221112345678888888887766544333332222110
6788888764210013567888888888888888888888888888888776532111111111110000
