8888620000000000000000000000000000000000268888884000000000585000000000
8884000000000000124566666654210000000000004888884000000000585000000000
8830000000000036776433223346776300000000000388884000000000685000000000
8300000000003785210000000000125873000000000038884000000000585000000000
5000000000058620000000000000000278500000000005884000000000585000000000
2000000000486100000000000000000016840000000002884000000000585000000000
2000000001782000000000110000000002871000000000784000000000585000000000
2000000002871000000001771000000001782000000000684000000000585000000000
2000000002871000000002882000000001782000000000684000000000585000000000
2000000002871000000002882000000001782000000000684000000000585000000000
2000000002871000000002881000000001783000000000684000000000585000000000
2000000002871000000002881000000001783000000000573000000000685000000000
2000000002871000000002882000000000684000000000010000000000783000000000
1000000002871000000002884000000000287200000000000000000004860000000000
0000000002871000000002887100000000038830000000000000000158610000000003
0000000002871000000002888500000000002686310000000000014784100000000017
0000000002871000000002888850000000000025776433222345677410000000000178
0000000002871000000002888885100000000000124566666665310000000000002788
0000000002871000000002888888730000000000000000000000000000000000158888
