8888610000000000000000000000000000000000379888883000000000793000000000
8883000000000000135667777654210000000000015988883000000000793000000000
8820000000000147876433233456886300000000000488883000000000793000000000
8200000000004885200000000000136972000000000059883000000000793000000000
4000000000169610000000000000000388400000000007883000000000793000000000
1000000000696000000000000000000028930000000003993000000000793000000000
0000000002981000000000110000000004970000000001893000000000793000000000
0000000004970000000002871000000002981000000001893000000000793000000000
0000000004970000000003981000000002881000000001893000000000793000000000
0000000004970000000003981000000002882000000001893000000000793000000000
0000000004970000000003981000000002882000000001893000000000793000000000
0000000004970000000003971000000002882000000001682000000000793000000000
0000000004970000000003981000000001793000000000010000000001892000000000
0000000004970000000003993000000000497100000000000000000006960000000001
0000000004970000000003987000000000049720000000000000000169610000000004
0000000004970000000003989400000000003796310000000000025884000000000028
0000000004970000000003988840000000000036886533223346787410000000000288
0000000004970000000003988885100000000000134667777765310000000000003888
0000000004970000000003988889730000000000000000000000000000000000169888
