0013578888888888888888888888888888888876421001257888888775346788888886
2257888888888876654321122355788888888888764100368888888864357888888876
3788888888876532344455655432455678888888874211467888888852258888888875
5788888888654335788888888887642367888888876312467888888753247888888876
7888888875346788888888888878752258888888886313788888887522578888888864
8888888643578888888888888888874236888888887534788888888645678777888864
8877888634788888888778888888887534788887888634788888888633688877788864
8888888623688888888643688888888634788877788743688887788743688877788755
7888888874367888888874367888888873268888888874258888778874158888778887
7888888887535788888888635788887887545788888887644688877887535788777887
4568888887644578888888863478888888864468877788862378888888863478888887
3468888888763358888887665457888888654468888888755568888788875467888777
4667888886544578888888753368888888764467888888888888887788863367888777
5678888887654467888888753357888788874357888888888888877877543578887777
2567888887753357888888774125788888877654677888888888888886456788888876
3467888887653467888888763125788888888753345788888888886443357888888875
5577788887643577888888653101467888888877532345556665421135677888888875
3467788887655556777788753210135678888888887753221112334678877888888763
2467888887765457888888863100012367888888778888888888888888888888887631
