8888888886347888888886333344310000000000000000000000000000000000134433
8888888886347888888886333442000000000000012233333322110000000000001343
8888888886347888888886333420000000000012333221111122333200000000000134
8888888886347888888886334200000000001343100000000000012332000001111013
8888888886347888888886343000000000024310000000000000000134300257777632
8888888886347888888886341000000000143100000000000000121002423888888886
8888888886347888888886331000000000342000000000000136787642336888888888
8888888886347888888886330000000001341000000000334788888887336888888888
8888888886347888888886330000000001341000000000336888888888436888888888
8888888886347888888886330145665310331000000000336888888888436888888888
8888888886347888888886333788888873331000000000336888888888436888888888
8888888886347888888887448888888887331000000000336888888888436888888888
8888888886347888888888778888888886330000000001336888888888436888888888
7888888888535888888888888888888874310000000001436888888888436888888888
5888888888733578888888888888888643345666420003336888888888436888888888
3688888888602345788888888888764346788888883024336888888888436888888888
3456788875100023345667776654434678888888886233336888888888436888888888
3332122210000000112223344455678888888888875333336888888888436888888888
3333210000000000000000014888888888888888643333336888888888436888888888
