6666666666666665544444333333221111100000000000000000000000000000000000
5555566777777665443322222211111000000000000000000000000000000000000000
5444455667777766554333322222111100000000000000000000000000000000000000
4444455667777665544332221111112222221111111000000000000000000000000000
5555555666666655444443333333333222211111110000000000000000000000000000
4556666665555444333333333322222222222211111111000000000000000000000000
5556666666666655443222111111111111111111111000000000000000000000000000
6666667777766655443333333322222211110000000000000000000000000000000000
5555566677766655443332222211111111000000000000000000000000000000000000
6666677778887776655433322222222222111111000000000000000000000000000000
5666667777777766665555544443322111110000000000000000000000000000000000
6666677777777776655544333222211110000000000000000000000000000000000000
6666677777777665444433333322221111111000000000000000000000000000000000
6677777888777766555555555444433322111111000000000000000000000000000000
6666777777777776655444443333322221111111100000000000000000000000000000
3345567777777665443322222222221111111111000000000000000000000000000000
3345677777776655433222222111100000000000000000000000000000000000000000
6677888877766554443333222222221111100000000000000000000000000000000000
8888888776543322222221111111000000000000000000000000000000000000000000
