1111367777777777788777777788777777777777521111115777777777205877777777
1115777777777787654322222234677777777777873111115777777777205877777777
1168777777778742123455655542113577777777777411115777777777205877777777
1687777777774113677887777887752126877777777841115777777777205877777777
4877777777720368777777777777787511477777777772115777777777205877777777
7777777777303777777777777777777861157777777785115777777777205877777777
7777777775116777777777777777777784027777777776115777777777205877777777
7777777784027777777776127777777776116777777777115777777777205877777777
7777777784027777777785017777777776116777777777115777777777205877777777
7777777784027777777785117777777776116777777777115777777777205877777777
7777777784027777777785127777777776116777777777105777777777205877777777
7777777784027777777785127777777776116777777777216777777777205877777777
7777777784027777777785117777777777205877777777777777777776116777777777
7777777784027777777785115877777777402787777777777777777773037777777777
7777777784027777777785112777777777740167877777777777778630377777777784
7777777784027777777785111487777777775213577887777888763114777777777851
7777777784027777777785111148777777778753113455665543212478777777778611
7777777784027777777785111113787777777787754322222234567877777777775111
7777777784027777777785111111257777777777778877777778877777777777631111
