0000000003878888888887777778620000000000000000000000000000000000158777
0000000003878888888887777785000000000000124566666654310000000000003787
0000000003878888888887777740000000000025776433222345676310000000000277
0000000003878888888887778400000000002686310000000000025774000000000027
0000000003878888888887776000000000038720000000000000000158510000000004
0000000003878888888887783000000000387100000000000000000005850000000001
0000000003878888888887771000000000683000000000010000000001782000000000
0000000003878888888888771000000001772000000000672000000000683000000000
0000000003878888888887771000000001772000000001783000000000683000000000
0000000003864888888874771000000001772000000001783000000000683000000000
0000000003860245665302871000000001771000000001783000000000683000000000
0000000003860000000002760000000001771000000001783000000000684000000000
0000000002871000000000000000000003871000000001783000000000683000000000
1000000000585000000000000000000017830000000003883000000000683000000000
4000000000158610000000000000000278400000000006883000000000683000000000
7200000000004775200000000000125862000000000048783000000000683000000000
8720000000000136765432222345776300000000000387783000000000684000000000
7873000000000000134566666654210000000000004877783000000000684000000000
7778510000000000000000000000000000000000268777783000000000684000000000
