7777788888888888888888888888887753100012467777777755667888877753222233
7777888765332212222456777888888775310013467777777655567888777654333333
7788765322345555554321246777777887631012467777777644467888777754332222
7876432356788888888875323578887778764102578887777533567888777764322111
8875456788877788888887753346788877775212578887777633567888777764333333
7632467888767888888888775225788887776423566788777644677888777654322211
6445788888777888888888876335788888776424678888777654567788777654321100
5557888887776546788888776435788888777535678888777535677888777643322222
6446788887775336788887776336788888776434778888776435778888777754333222
5557888887765457888887776436788888776445778888776445788888777765443333
5446788887776457888887776336788888776435788888776445788888777777666665
6556788787776446788887776335788888776445788888777545678888777766655443
7556778887776446788888777434688888777788888888876445788888777765434444
7556788887776435778888777532478888777888888887765346788887777766555555
5335788887776423577888777763236777777788888887643467788877777654433333
5335788888776310257888777876422467888888888764333567787778776543222211
6323577888776421125678777788765322345555543212356788777888875322222211
6434678888777520013577777778888765332222234567777777888777654333333222
6555778888776410011246777777788888888888888888888888887653211211111111
