8888888885137888888886222222210000000000000000000000188888888888742222
8888888885137888888886222221000000000000011112221111147888888888885222
8888888885137888888886222210000000000011221111112343312578888888888622
8888888885137888888886222100000000001222100000058888764225788888888862
8888888885137888888886222000000000012210000000068888888731378888888885
8888888885137888888886221000000000122000000000038888888884138888888887
8888888885137888888886220000000000221000000000158888888887226888888888
8888888885137888888886220000000000221000000000226888888888315888888888
8888888885127888888886220000000000221001111000226888888888315888888888
8888888885127888888886220013443200220367777641226888888888315888888888
8888888885137888888886121578888861224888888886226888888888315888888888
8888888885137888888886237888888886227888888887216888888888315888888888
8888888886227888888888778888888885127888888887216888888888315888888888
7888888888314888888888888888888872158888888886226888888888315888888888
4888888888731378888888888888888621488888888883216888888888315888888888
2688888888885224678888888888763126888888888841216888888888315888888888
2268888888888753224566666543223678888888888522216888888888315888888888
2225888888888888754211233344678888888888874222216888888888315888888888
2222378888888888888720048888888888888888631222216888888888315888888888
