8888888887668888888887666666520000000000000000000000000000000000146666
8888888887668888888887666664000000000000123455555543210000000000003666
8888888887668888888887666630000000000024665432222334665310000000000266
8888888887668888888887666300000000002575210000000000024663000000000026
4788888863668888888887665000000000036620000000000000000157510000000003
0135554202668888888887662000000000276100000000000000000004750000000001
0000000003668888888887661000000000573000000000010000000001672000000000
0000000003668888888887661000000001662000000000562000000000573000000000
0000000003668888888887661000000001662000000001672000000000573000000000
0000000003668888888887661000000001661000000001672000000000573000000000
0000000003668888888887661000000001661000000001672000000000573000000000
0000000003668888888887650000000001661000000001672000000000573000000000
0000000002667888888888720000000002760000000001672000000000573000000000
1000000000477888888888850000000016730000000002662000000000573000000000
4000000000057778888888620000000267300000000005662002332100573000000000
6200000000003676655543100000025752000000000037662378888762573013444310
6620000000000135654322222345665200000000000366666888888887663478888874
6663000000000000124555655543210000000000004666667888888888666888888888
6666410000000000000000000000000000000000257666667888888888667888888888
