4444310000000000000000000000000000000000134444436888888887436888888888
4442000000000000112333333322100000000000002444436888888887436888888888
4310000000000023433221111223333100000000000244436888888887436888888888
4100000000002342100000000000013431000000000024436888888887436888888888
2023433100034310000000000000000134200000000003436888888887436888888888
3788888740342000000000000000000013410000000001436888888887436888888888
8888888885330145654200000000000002430000000001336888888887436888888888
8888888886334888888863330000000001431000000000336888888887436888888888
8888888886348888888886330000000001431000000000336888888887436888888888
8888888886348888888886330000000001440135555310336888888887436888888888
8888888886348888888886330000000001433788888873336888888887436888888888
8888888886348888888886330000000001437888888887447888888887436888888888
8888888886348888888886331000000000336888888888778888888887436888888888
8888888886348888888886341000000000144788888888888888888885358888888887
8888888886348888888886343000002333223478888888888888888754248888888885
8888888886348888888886334200268888876435678888888888875432016888888764
8888888886348888888886334421788888888764445566777665433200000345553233
8888888886348888888886333443788888888888765544433322110000000000001343
8888888886348888888886333333468888888888888874100000000000000000134433
