8888620111001110000000100000001000100000379888883011100001794001111111
8883000100000000135667777654310001101000015888883011100001794000011010
8820000000000147876433333456886310011011000488883000110001794000111000
8200000000014885210000000000136972000111000059883001110001794011111111
4011110000169610001000000000000388400011100017883011111001794011111111
1011001000696001001110001111000028930111111003883010111001794011111111
0111110003881011111100110111110004971011111001893011100001794011111111
1111110004970011111002861011111102881011111001793011111001794011111111
1111100004971011110003981000000102882011111001793001111101794011111111
1111111004971011110003971000000002882001111001793011111001794011111111
1111110004971011110003971011000002882010110001893011100001794011111111
1100110004971011110003971011100002882011010001682000010001794011111111
1111110004971001100003981001000001793011111110110110110001882000111110
1111110004970011000003983011100000497101111110001110000006960011110001
1111110004970000000003987101100000049720000111100010000169610100100104
1111110004970000000003989400000000003796310000000000125884100000000028
1000000004970000000003988840000000000136886533223346787410000000000288
0000000004970000000003988885100000000000134667777765320000000000003888
0000000004970000000003988889730000000000000000110000000000000000268888
