1788888888873015788888888888873005888888888850006888888887104888888888
5888888888610488888888888888888710388888888882006888888887105888888888
8888888887104888888888888888888871048888888885006888888887105888888888
8888888885017888888888678888888885017888888887005888888887105888888888
8888888884018888888885017888888886007888888887006888888887105888888888
8888888885018888888885007888888886007888888887006888888887105888888888
8888888884018888888885007888888886007888888887005888888887105888888888
8888888884018888888885017888888886006888888887005888888888105888888888
8888888884018888888885017888888887006888888888327888888888105888888888
8888888884018888888885007888888888104888888888888888888886006888888888
8888888884018888888885004888888888500688888888888888888871038888888887
8888888884018888888885001788888888850048888888888888888610388888888883
8888888884018888888885000388888888887201468888888888751016888888888840
8888888884018888888885000038888888888864101234444321013688888888888500
8888888884018888888886000002788888888888876433223345788888888888873000
6666666664126666666665111100046666666788876666666666778876666666510011
0000000003760000000003777730000000000135665432222335665310000000000267
0000000003760000000003777774100000000000124556666554310000000000003777
0000000003760000000003777777620000000000000000111000000000000000157777
