0001488888888888888888888888888888888887300000018888888885017888888888
0027888888888887643221112235688888888888861000018888888885017888888888
0388888888888631023455655431014788888888887200018888888885017888888888
2888888888862014788888888888640037888888888710018888888885017888888888
7888888888500488888888888888887301688888888850018888888885017888888887
8888888886005888888888888888888840178888888882018888888885017888888885
8888888882038888888887788888888881048888888884018888888885017888888884
8888888871058888888883048888888883038888888884017888888885017888888884
8888888871058888888882038888888883038888888884017888888885017888888884
8888888871058888888882048888888883038888888884018888888885017888888884
8888888871058888888882048888888883028888888884017888888885017888888884
8888888871058888888882048888888883028888888885038888888885017888888884
8888888871058888888882038888888885017888888888788888888884028888888885
8888888871058888888882017888888887103888888888888888888860058888888884
8888888871058888888882005888888888710378888888888888888500588888888871
8888888871058888888882001688888888873004688888888888752026888888888830
8888888871058888888882000178888888888741013456665532113688888888888300
8888888871048888888882000015888888888888653221111234678888888888873000
8888888871048888888882000000378888888888888888778888888888888888510000
