3222478888888888888777777788888888888887642222225788888887435788888888
2124778888888877654333333344567888888888763100015788888876324788888888
3357888888887643233455555543223577888888877411115788888876324788888888
4578888888764224577888888877653235778888887741115788888876324788888888
6778888887632367888888888888887522477888888763125788888876324788888888
7888888876323678888888888888888752257888888874225788888876324788888888
8888888875225788888887777888888874236788888876225788888876324788888888
8888888874236788888876346788888875225788888876325788888876324788888888
8888888874236788888875236788888875225788888876325788888876324778888888
8888888874236788888875236788888875225788888876325788888876324788888888
8888888874236788888875236788888875225788888876225788888876324788888888
8888888874236788888875236788888876225788888876436788888876324788888888
8888888874236788888875226788888876324778888887777888888875225788888888
8888888874236788888875224788888887522578888888888888888763236788888887
8888888874236788888875213678888887742257788888888888887632367888888776
8888888874236788888875211477888888875323567788888887754224678888888754
8888888874236788888875111147788888887753223455555543323467888888887533
8888888874236788888875100013678888888887654433333334567788888888774212
8888888875347788888875222222467888888888888877777778888888888888742223
