8888510000000000000000000000000000000000278888888888888888883000000000
8873000000000000134566666654210000000000005888888888888888883000000000
8720000000000146775432223356775200000000000488888888888888883000000000
8200000000004785200000000000136862000000000048888888888888883000000000
4000000000168610000000000000000378400000000006888888888888883000000000
1000000000685000000000000000000017830000000003888888888888883000000000
0000000002871000000000100000000003870000000001786888888886783000000000
0000000004860000000002761000000002871000000001782367787641683000000000
0000000004860000000003871000000002871000000001782001221000783000000000
0000000004860000000003871000000002881000000001782000000000783000000000
0000000004860000000003871000000002881000000001783000000000783000000000
0000000004860000000003871000000001882000000000672000000000783000000000
0000000004860000000003871000000001783000000000010000000001782000000000
0000000004860000000003883000000000387100000000000000000005850000000001
0000000004860000000003886000000000048720000000000000000168610000000004
0000000004860000000003888400000000002786210000000000025874000000000028
0000000004860000000003888840000000000036776432222345776410000000000278
0000000004860000000003888885000000000000124566666664310000000000003788
0000000004860000000003888888620000000000000000000000000000000000158888
