7777788888888888888888888888888888888888877777778888888888778888888888
7778888888888888887777777778888888888888887777778888888888778888888888
7788888888888887777888888877777888888888888877778888888888778888888888
7888888888888777888888888888887778888888888877778888888888778888888888
8888888888877788888888888888888877888888888887778888888888778888888888
8888888888777888888888888888888887788888888888778888888888778888888888
8888888888778888888888888888888888778888888888778888888888778888888888
8888888888778888888888778888888888778888888888778888888888778888888888
8888888888778888888888778888888888778888888888778888888888778888888888
8888888888778888888888778888888888778888888888778888888888778888888888
8888888888778888888888778888888888778888888888778888888888778888888888
8888888888778888888888778888888888778888888888778888888888778888888888
8888888888778888888888778888888888778888888888888888888888778888888888
8888888888778888888888778888888888877888888888888888888887778888888888
8888888888778888888888777888888888887788888888888888888877788888888888
8888888888778888888888777888888888888777888888888888887778888888888887
8888888888778888888888777788888888888887777788888887777888888888888877
8888888888778888888888777777888888888888888777777777888888888888888777
8888888888778888888888777777788888888888888888888888888888888888877777
