8888888885137888888886222222210000000000000000000002888888888888742222
8888888885137888888886222221000000000000011111111111368888888888885222
8888888885137888888886222210000000000011221111123444223578888888888622
8888888885137888888886222100000000001121100000378888764225788888888862
8888888885137888888886221000000000012210000000278888888731378888888884
8888888885137888888886221000000000122000000000048888888884138888888887
8888888885137888888886220000000000221000000000158888888887216888888888
8888888885137888888886220000000000221000000000226888888888315888888888
8888888885137888888886220000000000220023444210216888888888315888888888
8888888885137888888886120012332100221688888873116888888888315888888888
8888888885137888888886111478888751226888888887216888888888315888888888
8888888885137888888886236888888885127888888887216888888888315888888888
8888888886127888888888778888888885127888888887216888888888315888888888
7888888888313888888888888888888872158888888885116888888888315888888888
4888888888731378888888888888888621488888888883116888888888315888888888
2688888888885224678888888888763126888888888841216888888888315888888888
1268888888888753223566666543223678888888888512216888888888315888888888
2125888888888888754311233334678888888888874122216888888888315888888888
2221378888888888888862058888888888888888631222216888888888315888888888
