8888874000000000000000000000000000000000004788888700000000028710000000
8888610000000000002356666666532000000000000268888700000000028710000000
8886000000000002577654322234567741000000000016888700000000028710000000
8860000000000158741000000000001478510000000001688700000000028710000000
8720000000002784000000000000000004872000000000288700000000028710000000
8500000000017830000000000000000000387100000000058700000000028710000000
8500000000058500000000001000000000068400000000038710000000028710000000
8500000000068400000000048400000000048600000000038710000000028710000000
8500000000068400000000058500000000048600000000038710000000028710000000
8500000000068400000000058500000000048600000000038710000000028710000000
8500000000068400000000058500000000048600000000038710000000028710000000
8500000000068400000000058500000000048600000000027600000000028710000000
8500000000068400000000058500000000028710000000001000000000048600000000
8400000000068400000000058710000000006850000000000000000000178300000000
7100000000068400000000058840000000001685100000000000000002784000000000
3000000000068400000000058872000000000048742000000000001368620000000000
0000000000068400000000058887200000000001467754322223467762000000000004
0000000000068400000000058888730000000000001346666666542100000000000158
0000000000068400000000058888885100000000000000000000000000000000003788
