0000000003887777777777888888630000000000000000000000000000000000158888
0000000003877777777777777885100000000000124566666654310000000000003788
0000000003877777777777777840000000000025776533223345776410000000000278
0000000003877777777777778400000000002686310000000000125874000000000027
0000000003877777777778786000000000048730000000000000000168610000000004
0000000003876887777876783000000000387200000000000000000005850000000001
0000000003861467777522871000000001784000000000110000000001782000000000
0000000003860001111002871000000001782000000001672000000000684000000000
0000000003860000000002871000000001782000000001783000000000684000000000
0000000003860000000002871000000002882000000001783000000000684000000000
0000000003860000000003871000000002882000000001783000000000684000000000
0000000003860000000002761000000002882000000001783000000000684000000000
0000000002871000000000110000000003871000000001783000000000684000000000
1000000000585000000000000000000017830000000003883000000000684000000000
4000000000168610000000000000000278400000000006883000000000684000000000
8200000000004785200000000000136873000000000048783000000000684000000000
8720000000000146775432223346776300000000000488783000000000684000000000
8873000000000000134666666654310000000000015888883000000000684000000000
8888510000000000000000110000000000000000268888883000000000684000000000
