1111111103777777777777777778631111111111111111111111111111111111258777
1111000003766777777776777775101111111111134566666655321111111111003777
1100000003761467777632777740000111111135776543333345776410111110000277
1100000003760011221002777400000011102686311111111111125774101000000027
1100000003760000000002776000001111048731111111111111111268610000000004
1100000003760000000002773001111110387211111111111111111115850000000001
1100000003760000000002771011111111684011111111111111111111772000000011
1100000003760000000103871111111112783111111111673111111111683000000011
1100000003760000111103871111111112782111111111783111111111683000000011
1100000003761011111113871111111112782111111111783111111111673000000011
1100000003761011111113871111111112882111111111783111111100673000000011
1100000003761111111112761111111112882111111111783011110000673000000011
1100000002771011111111111111111113871111111111783010000000673000000011
1010000000585101111111111111111127841111111103773000000000673000000011
4011000000158620111111111111111378411111111016773000000000673000000011
7301110001014775211111111111136873111111111047773000000000673000000011
8720111111110146775433333456776311111111100377773000000000673000000111
7873111111111111235666776654321111111111014777773000000000683000001111
8788521111111111111111111111111111111111368777783011111111684011111111
