0024444444444567777777777777777777775310000000000000111223445566666776
1344444444457787777777777777777777777763000000000000111224455666677775
4444444445788777777777777777777777777677400000000001112234456667777764
4444444468887777777877654434456776666666630000000001112244566677777754
4444444788887777787531122335677777777666651000000011122345666777777646
4444447888877777741135777888888888888876540000000111223456667777776447
4444468888877787213688878888888888888888720000001112234566777777774468
4444588888877872368877778888888888888888861000111122345667777777753588
4444788888877744677777777888877888888888886101112233456777777777535888
4446888888888645777777777777777777888888888732223345667777777774258888
4447888888887556777777777666677777788888888886545567777777778621588888
4468888888886557777777766555666777778888888888877777777777785116888888
4478888888885567777777665444455667777788888888887777777778730378888888
4688888888875577777766664543334555777777888888777777778875115888888888
4788888888855677777666654433312455777777778888888888876411478888888888
5888888888755677776666645333222134777777777754555554311247888888888886
6888888888656777766666544332221111487778877775432223457888888888888754
7888888887556777666666443332221110158778888888888888888888888888875444
8888888887556776666665443322211100004777788888888888888888888887644444
