5555677777777777788877777788777777777777755555557877777777656777777777
5556777777777787776666666666778877777777876555557877777777656877777777
5578777777778766556667777666556778777777777655557877777777556877777777
5787777777776556777887888887776557777777777765557777777777556877777777
6777777777765678777777777777787755677777777776557777777777556777777777
7777777777656777777777777777777875567777777776557777777777556777777777
7777777777557777777777777777777786557777777777557777777777556777777777
7777777786557777777777557777777777557777777777557777777777556777777777
7777777776557777777776557777777777557777777777557777777777556777777777
7777777776557777777776557777777777557777777777557777777777556777777777
7777777776557777777776557777777777557777777777556777777777556777777777
7777777776557777777776557777777777557777777777657777777777556777777777
7777777776557777777776557777777777556777777777777777777777557777777777
7777777776557777777776556777777777655777777777777777777776567777777777
7777777776557777777776555777777777765577777777777777777765677777777776
7777777776557777777776555677777777777556777777777777776556777777777775
7777777776557777777776555567777777777776556667777666555677777777777755
7777777776557777777776555556777777777777776665555666677777777777776555
7777777776557777777776555555577777777777777777777777777777777777765555
