2222222222222222222222212222222222122224555555555674588877777850000002
2222222222222222234566666666666665433222455555555664688888777840000000
3333222111222245677777777666666777776654355555555653688888878820000000
3333333221024677777777777666666777777777666555555544788888878710000000
3333333224677677777777777777777777776667777666556435888888878500000000
2233332357877767777776654444445677777777777666665347888888887200000000
0112224787777776777655534544445445567777776666663368888888785000000000
0000037877777777765556645666677766544567776666643688888888872100000000
0000377777777776555656654566777777776522466665446888888888731110000000
0003777777777765565555654566777777777763233344678888888888411111100000
0027777777777665555555554566777777777777776777887888888874111111110000
0167777777775665555555553244567777777777788877788888888632222111111100
0477777777754555555555552023333577777777777777888888874322222211111111
2777777777755455555555554013333334677777777788888876433333322222221111
5777777777654445555555555203333333334567777777765433333333333222222221
7777777777644443555555555412333333332025555554444333333333333332222222
6666777776644433455555555542333333333113544444444443222223333333332222
6666667766644333245555555555433333333301344444444444443333333333333333
6666666666544332235555555555554433333331024444444444444444443333333333
