0000378888888888888888888888888888888887531000026888888887425888888888
2125888888888887654321112235578888888888875200027888888887315888888887
0278888888888742023445665542124578888888888410026788888886115888888888
1588888888875213578888888888763026888888888730026888888887303788888887
5778888888730378888888888888887401688888888861027888888885016888888888
8878888887214888888888888888888741168888888874127888888886126888888888
8888788885037888888887788888888884038888888886227888888886216888878887
7888888884038888888885138888888885038888878886227888878886237888778887
6888888887327888888886217888888887117888888887206888878887205888888888
7888788887216888888887316888888887217888888887414888878887425888878887
5788888886216888878887305888888887414788878888304888888888414888888887
5788888886205888888886215788888887315788888887415888888888403788887788
7888888875127888888886005888888887304888888888878888888887204888877888
7888888886116888888886204788888888511688888888888888888873027888877887
7888888886115888888887201578888888862157888888888888888752378888888773
6788888885126888888886200478888888886202578888888888763124788888888751
7778888874127888888886200047788888888862112455666542101478888888888610
7788888886226777778886310003578888888888764221111223468888888888886200
7888888885027888888886100000157888888888888888888888888888888888741000
