0000378888888888888888888888888888888888510000006888888888105888888631
0015888888888888754322222234678888888888873000006888888888105888887654
0168888888888742113455665532113688888888888400006888888888105888887543
0688888888884103688888888888752026888888888840006888888888105888887653
4888888888720278888888888888888510488888888882006888888888105888887544
7888888888203888888888888888888861058888888885006888888888105888887545
8888888886017888888888778888888884018888888887106888888887105878887545
8888888884028888888886127888888886017888888887106888888887105877887666
8888888884028888888885017888888886007888888887106888888888105888878887
8888888884028888888885017888888886007888888887106888888887104667877778
8888888884028888888885017888888886006888888887105888888887105744788888
8888888884028888888885017888888887006888888887216888888888105865578888
8888888884028888888885017888888887105888888888878888888887106644578887
8888888884028888888885005888888888501788888888888888888883038545788887
8888888884028888888885002888888888840168888888888888888720278677788888
8888888884028888888885000488888888885102578888888888863014887567888888
8888888884028888888885000048888888888852112456666543102478888777888888
8888888884028888888885000003788888888888764322112224578888888778888887
8888888884028888888885000000268888888888888888888888888888888888888876
