5444444444444455555555555555566666777777777777544777777777744444444441
3333333333444444444444444555555566667777777788862377777777764444444444
2222223333333333333333334444444555566777777788883067777777774444444444
1222222222222222222223333333334445556677778888884037777777774444444444
1111111112222222222222222222233344455677888888884037777777772244444444
1111111111111111111111111222222233456778888888883047777777772024444444
0000111111111111111111111111223456777888888888884167777777761003444444
0000000000000000000000123355677888877788888888775577777777740000344444
0000000000000000000135678888887777777888888888776677777777610000034444
0000000000000000003688888888877777788888888887876677777776100000002444
0000000000000000168888888888877888888888888888766677777751000000000244
0000000000000001688888888888888888888888888876666677776300000000000013
0000000000000006888888888888888777777888877666667776531000000000000000
0000000000000038888888887777777777778764211234444321000000000000000000
0000000000000058888888877777777777765210000000000000000000000000000000
0000000000000068888888876777777777543211100000000000000000000000000000
1000000000000068888888875777777776543322111000000000000000000000000000
4321000000000058888888876777777766554332211111000000000000000000000000
4444321000000038888888886777777766665443322211111100000000000000000000
