0256788888888888888888888888788888887653100014678888887644567888888753
3578888888888766532111223557888888888876541013678888887643568888888765
5788888888876422344555554434556778888888752124567888888632468888888764
5788888888754445688888888887643357888888876422457888888863347888888876
6788888876435777888888888888863247888888887522578888888741368878888875
8878888763357888888888888888886334678888888643468888888754567777888876
8887788874357888888887788888888863368888778874358888888875247888778887
6788888875246888888886346888888876346888778886446888777886446888778887
5678888888744688888888734778888888623788888888733788887788732688877888
5678888888864578888888863478888788754578888888864368887788854468877788
3456888888764457888888875357888888875457887788875347888888886347888888
3357888888765337888888666546888888754446888888865557888878876556888877
3567888887544567888888764357888888875457888888888878888888875357888777
5678888887654467888888754456888778875357888888888888877877544478888777
3567888887754357888888764225788888877654577888888888888886456788888876
3467888887644467888887763135788888888753345788888888876443457888888875
5577788887644577888887653112467888888877533345556665421135677888888875
3467788887655556777778753210135678888888877753221112334678877888887763
2367888887764457888888864100012367888888778888888888888888888888887531
