8888888885127888888886111112110000000000000000000378888888888888731111
8888888885127888888886111111000000000000011111111114578888888888885211
8888888885127888888886111110000000000011111111245543222578888888888621
8888888885127888888886111100000000001121100003888888764125788888888861
8888888885127888888886111000000000012110000001688888888731378888888884
8888888885127888888886111000000000121000000000178888888883138888888887
8888888885127888888886110000000000121000000000168888888887216888888888
8888888885127888888886110000000000110012333200226888888888215888888888
8888888885127888888886110000000000111578888862115888888888215888888888
8888888885127888888886110001221000115888888887215888888888215888888888
8888888885127888888886110367887630116888888887215888888887215888888888
8888888885127888888886236888888884117888888887215888888888215888888888
8888888886127888888888778888888885127888888887215888888888215888888888
7888888888313888888888888888888872158888888885115888888888215888888888
4888888888731378888888888888888621488888888883115888888888215888888888
1688888888885214678888888888763126888888888841115888888888215888888888
1268888888888752123456666543213578888888888511115888888888215888888888
1125888888888888754332222334678888888888874111115888888888215888888888
1111378888888888888887678888888888888888621111115888888888215888888888
