7888888888888888888888887888888876421000246788888775445678888887521001
8888888877654321112235678888888888765310146788888875446778888876544455
8888887653234445555443356667888888886322356778888874246888888876443345
8888865444567888888887765435788888887542345788888875324788888887654467
8887534677887778888888875225788888887631368888888752257888888876545677
8874346888877888888888887523578888888754467888888864467777788886545677
8886446888888888778888888875347888878876346888888886325888777887645677
8887655667888887656767888887655667887787766667788787766667777788766677
7678888767766678888776666678888766666788888776666788888777656778888778
6567888888877656788888887666788888876666788888877755678888877656778788
5444457888888765567888888875567888888875567887788874367888888875457888
5543457888888765446888887667546888888765556888888765667888888886557888
5334567888876555567888888765457888888776567888888888888888888865457888
2235678888887655567888888765456788788875457788888888888877777654567888
5322467788887764446788888776324678888877665567788888888888887656778888
5543356788888765446788888876423578888888876555678888888887654445678887
5444567777888765457788888875321246788888887764334555566553223567778888
6532345677888766555677777876432012456788888887776422211223467777778888
3200234678888876654678888887531000125778888888888888888888888888888888
