0000378888888888888888888888888888888888510000005888888888105888888888
0005888888888888754221112234678888888888873000006888888888105888888888
0168888888888742012455665532112688888888888400006888888887105888888888
0688888888884003688888888888752026888888888840006888888887105888888888
4888888888720278888888888888888500488888888882006888888887105888888888
7888888888203888888888888888888860058888888885005888888887105888888888
8888888886007888888888778888888884018888888887006888888888105888888888
8888888884018888888886027888888886007888888887106888888887105888888888
8888888884018888888885007888888886007888888887106888888887105888888888
8888888884018888888885017888888886007888888887106888888887105888888888
8888888884018888888885017888888886006888888887005888888888105888888888
8888888884028888888885017888888886006888888887216888888888105888888888
8888888884028888888885007888888887105888888888878888888887006888888888
8888888884028888888885005888888888401788888888888888888882038888888887
8888888884028888888885002888888888840168888888888888888720278888888884
8888888884028888888885000488888888885102578888888888863004888888888860
8888888884028888888885000048888888888852012455666543101478888888888610
8888888884028888888885000003888888888888764321111223578888888888885000
8888888884028888888885000000168888888888888888888888888888888888730000
