0000378888888888888888888888888888888888610000005888888888204888888888
0005888888888888753221112234678888888888873000005888888888204888888888
0168888888888742013456665542112588888888888400005888888888204888888888
0688888888884103688888888888752015888888888840005888888888204888888888
4888888888720278888888888888888610488888888882005888888888204888888888
7888888888303888888888888888888871048888888885005888888888204888888888
8888888886007888888888788888888885017888888887105888888888204888888888
8888888885018888888886127888888886006888888887105888888888204888888888
8888888885018888888885017888888886006888888887105888888888204888888888
8888888885018888888886017888888887006888888887105888888888204888888888
8888888885017888888886017888888887006888888887105888888888204888888888
8888888885017888888886017888888887006888888887216888888888204888888888
8888888885018888888886017888888888104888888888778888888887106888888888
8888888885018888888886005888888888501688888888888888888883028888888887
8888888885018888888886002888888888840158888888888888888720278888888884
8888888885018888888886000488888888886202578888888888863004888888888860
8888888885018888888886000048888888888863112355665542102478888888888610
8888888885018888888886000003788888888888764322112234578888888888885000
8888888885018888888886000000158888888888888888888888888888888888730000
