7888888886778888888887777777620000000000000000000000000000000000157777
2688888743778888888887777774000000000000123456666554210000000000003777
0023332103778888888887777730000000000025665432222345676310000000000267
0000000003778888888887777400000000002675310000000000024773000000000027
0000000003778888888887776000000000037620000000000000000157510000000004
0000000003778888888887773000000000376100000000000000000005750000000001
0000000003778888888887771000000000673000000000010000000001672000000000
0000000003778888888887761000000001772000000000562000000000673000000000
0000000003778888888887761000000001772000000001673000000000673000000000
0000000003778888888887761000000001772000000001672000000000673000000000
0000000003778888888888761000000001771000000001672000000000673000000000
0000000003767888888885650000000001771000000001672000000000673000000000
0000000002772578888740100000000003761000000001773000000000673000000000
1000000000585012322100000000000016730000000002773000000000673000000000
4000000000158510000000000000000267400000000005773000000000673000000000
7200000000003774200000000000125762000000000047773000000000673000000000
7720000000000136765432222345675200000000000377773000000000673000000000
7773000000000000134566666554210000000000004777772024555410673000000000
7777510000000000000000000000000000000000267777773688888874673001222100
