7666666666666666666666666677777777778888888888500000000000000000000000
5556666666666666666666666666777777766788888888840000000000000000000000
5555555555555555555556666666677777777678888888882000000000000000000000
4454444444444444445555555566677777777778888888884000000000000000000000
4444444444444333334444444555677777777778888888884000000000000000000000
3333333333333333332223333445777777777788888888882000000000000000000000
2222222222222222222222222235777777778888888888850000000000000000111111
2222111111111111111111111137777777788888888888500000000000111111111111
1111111111111111111111010068777777888888888885000001111111111111111112
1111000000000000000000001377777777888888888851111111111111111112222222
0000000000000000000000025677777777888888888511111111111122222222222333
0000000000000000000000466677777778888888886222222222222222233333334444
0000000000000000000003766677777778888888863332222222233333344444445555
0000000000000000000016777667777778888888854433333333334444455555556666
0000000000000000000027777776777788888888865544444444555555666666666667
0000000000000000000037777777665688888888876666566666666666666666666777
2222211100000000000027777777774037888888888777777777777777777777777777
4444444433211000000006777777777303788888888877777777777777777777777777
4444444444444321000002777777777740257888888887777777777777777777777777
