0135788888888888888888888888878888888763100001368888888754367788888753
1367888888778876432211122357788888888876531002367877777654456788887764
2578888888776421124566655532235788888888764101357888888874346788887775
3678888888753334688888888887532357888888887420367888888764346888888764
4788888887644688888888888888775346788888887421478888888753357888888764
7777888863336788788888888888888742578887888643467888888753357888888876
8777888742478888888878888888888743578888888752368888888764346888888765
8778888644678888888754568888888643457888888643567888888732467888888743
8888888743688888888732588887888743588888888742588887888753467888888653
8877788763468877888743478888888874468888888863378888888873368888888876
8887788873158887788884258888888884158888888874258888888874368888888865
7887778886347887778886347888778887326888888887436888888887325888888876
7888778886226888888887425788778888524788888888877888888887425888877888
7888877877534688888887533578888888743357888888888888888886324788887788
7888888887412688888888631368888888885225787888888888887763357888888876
7888888875225788888886421357888888876423577888888888764344678888888764
6788888887523688888877641124788888888765542345565544321357888888888863
6788888887534678888888631013567888888888876542211123456778888888887632
5788888887544678888887642000124678888888888888888888888888888888765200
