7777510000000000000000000000000000000000267777777888888888777888888888
7763000000000000124556665543210000000000004777777888888888767888888888
7620000000000136665432222345665200000000000377777888888888774688888885
7200000000003674200000000000125752000000000047777888888888773035665420
3000000000157510000000000000000267300000000005767888888888773000000000
1000000000574000000000000000000016730000000003777888888888773000000000
0000000002761000000000100000000003760000000001677888888888773000000000
0000000003750000000002650000000002761000000001677888888888773000000000
0000000003750000000002761000000002761000000001677888888888773000000000
0000000003750000000002761000000001771000000001677888888888773000000000
0000000003750000000002761000000001771000000001677888888888773000000000
0000000003750000000002761000000001771000000000567888888888773000000000
0000000003750000000002761000000001673000000000015888888887772000000000
0000000003750000000002772000000000376100000000001467888755750000000001
0000000003750000000002775000000000047620000000000001221257500000000004
0000000003750000000002777400000000002675200000000000014763000000000027
0000000003750245665302777730000000000025665432222335666310000000000267
0134554203754888888864777774000000000000124556666554310000000000003677
4788888854778888888887777777620000000000000000000000000000000000157777
