3100246788888888888888888888888777788887752100012478888887642467788887
2113577788887788764332111222467788888887765310023578877776544566788877
2124678888887764211235666555432357778888887642112467888787743456788877
3235678888876433345788888888765323578888888764313567888877644467788876
4456788888776556888888888888776644567888888753235778888875335677888876
6677778876444667777888888888888775346888778765445678888876434678888887
7777788754467888778778888888888754567888888754456788888755555677888765
7778887545688878887654578888887555567888887545667888887533567888887543
8888887435788888887424788877887435788888887425788877887544578887886533
8777887644688877887534788878888744688878888634788888888644688887888765
8877888632688777888633688888888733688887887633688888887634688887887656
8877888753578877888754578877888852478888888753478888888852368888888656
8877888643478888888753468888888763368887888887778888888753478877788888
8888887653478888888753357888888864235788888888888887788632478887777777
8888888741368888888752147888888887422577788888888887775335788888876567
8888887533578888887642235788888887643356788888888876444457888888876446
7888888764236888888765321257888888877655334555555443124678888888887522
7888878875335778888887410035677888888888765432211234567778778888887422
5788888876544678888887631000134678888888888888888888888888888888764200
