4444444567777777777777777777777776663100000000011122223444455556666667
4444567777777777777777777777777666667630000011112223334345455566666677
4456777777777777777766667777766666666665111111112223344454555666666677
4677777777777765432212222223567777777666400011111222444555556666666778
7777777777875311245666776655666777777777620111122223344456566666666777
7777777777621357777777887777777777777777763111222333444555666666677777
7777777764346777777777887777777777777777777532333344455556666666777777
7777776434787777777777887777777777777777777764444445555566676667777777
7777763357877777777777777777777777887777777776555555556666776677777777
7777533677777777776655443467777777887777777777766666666666777777777777
7775346777777777665544332224777777887777777777776666666666777777777777
7753477777777766654433322111477777887777777777777666666667787777777777
7534777777776665544332221110037777887777777777777777777777887777777775
6457777777776654433322211100003778877777777777777776677777887777777644
4577777666666644333212111000000388777777777777666667777777887777764444
6776666666655554332121111000001047777777777777777777777777787777544444
7776666666554443322221110001111003777777777788887777777777887754444444
7776666665544423222211111110000000157777777888887777777777765444444444
7777666655444332121110000000000000001467778888887777776544444444444431
