0024678888888888888888888888888888888764310001367888888764456788888875
2247888888778777654321122345678888888887765300147888888775335788788887
2257888888888764113445555553335567788888887521235678888886324678888887
6446788888887544446788888888876533467888888875322467888888753357888888
7656788888875335777888888888877752247888888887412578888888631478888888
7777777888742368877888888888888875324688888887533578888888743567888888
8888877788743578888888877888887888633678888888743578888888743468887788
6568888888632588888888743578888888742588887788754578887788753578887788
6567887888864367888888863367887888863378888888863368887778862368887788
5678887888864468888888874368888788864478888788874357888788864467887778
3356887888754457887788875247888888875347887788874247888888875347888887
3457888887653357888887665457888887655557888888754567888788865457888777
5678887765555578888876544578888887654578888888888788778887644578877777
7888888764346788888765445678778886435778888888888887777664446788777766
6788887765335788888775223578888887654466778888888888886556778888876544
6788877644467788887653134678888888753235688888888875433346788888765323
7788876543577878887642112467888888777532345556665321124677888888764212
7788876654456777787753200135677888888877652221112334678877888877753112
7888877642467888888742100012577888877778888888888888888888888876420013
