8788632222222222222222222222222222222222478877884222222222784222222222
7874222222222222345667777665432222222222236887784222222223784222222222
8742222222222357776544444556776422222222222588784222222223784222222222
7422222222225786432222222222346874222222222258784222222223784222222222
5222232222368632222222222222222478522222222227884223222223784223222222
3233333222686223333333223333322237842223333324884222333323785233333332
2333333324873233333333333333333325873232333323784223333323784223333333
3333333325873333333324763233333323873233322223784233333323784222333333
2332333225863333333224873233333223773223222223784222222223784233333323
3333333325863223333324873233222223773233332223784222233223784232222222
2222222225862223322224873222222223773222222223784222232223784222222222
2222222225862222222224873222222223773222222223673222222222784222222222
3222222225862222222224873222222223784222222222332222222223784222222222
2222222225862222222224884222222222487322222222222222222226862222222223
2222222225862222222224886222222222258742222222222222222368632222222225
2222222225862222222224878522222222224786432222222222235775222222222247
2222222225862222222224877752222222222246776544444456776532222222222377
2222222225862222222224877785322222222222345666776665432222222222224777
2222222225862222222224877778642222222222222222232222222222222222368777
