8888888885127888888886111111100000000000000001578888888888888888731111
8888888885127888888886111111000000000000001110012234578888888888885111
8888888885027888888886111110000000000001111114666543212478888888888611
8888888885027888888886111100000000000111000068888888764114788888888861
8888888885127888888886111000000000011100000036888888888730378888888884
8888888885127888888886110000000000111000000000488888888883038888888887
8888888885027888888886110000000000110135665410378888888887116888888888
8888888885027888888886110000000000112788888873116888888888204888888888
8888888885027888888886110000000000116888888887105888888888204888888888
8888888885027888888886110000000000116888888887215888888888204888888888
8888888885027888888885110135665410116888888887215888888888204888888888
8888888885027888888886135788888872116888888887215888888888204888888888
8888888886117888888888778888888884027888888887115888888888204888888888
7888888888303888888888888888888872058888888885115888888888204888888888
4888888888730378888888888888888620488888888882115888888888204888888888
1688888888884113678888888888763126888888888841115888888888204888888888
1168888888888752123456665543113578888888888511115888888888204888888888
1115888888888888754322222234678888888888874111115888888888204888888888
1111378888888888888888778888888888888888621111115888888888204888888888
