0000000000000000000000000011112222345567777777873048777787786444444444
0000000000000000000000000000011112234456777777787106877778777544444444
1000000000000000000000000000000111222345677777778502777777777544444444
3321000000000000000000000000000001112234677777778611777777777544444444
4443210000000000000000000000000000111234777777778611677777777534444444
4444442000000000000000001111100000012357777777778402777777777414444444
4444444300000000000012455665544344567888778777786115777777777303444444
4444444431000000001466666665677888888888888888762157777777776101444444
4444444443100000036766666667777888888888888887666777777777773000244444
4444444444300000377666666677777888888888887766677777777777730000144444
1444444444420002777776666777777788887777766667777777777776200000034444
0144444444442005777777666777777777777776666567777777777641000000014444
2024444444444116777777774577777777777777665545677776653100000000002444
5103444444444316777777773168777777776666555554322222100000000000001444
7500344444444436777777773038777777776665543221111000000000000000000244
7730144444444446777777775017777777776543222222221111000000000000000024
7772024444444446777777777304777777775434434322222111110000000000000002
7776102444444444777777777613777777766665543333322211110000000000000000
7777510344444444677777777753577777767766554443332221111110000000000000
