2222467888641000000000000000000000000000123322226888888887325888888888
2236888888886000111222222221100000000000002322226888888887325888888888
2368888888887112221111111122222100000000000132226888888887325888888888
2688888888874233344310000000012321000000000013226888888887325888888888
5888888888742467888860000000000123100000000002226888888887325888888888
7888888888424888888882000000000012310000000001326888888887325888888888
8888888886237888888886200000000001320000000001226888888887325888888888
8888888885238888888886320000000001320000000000226888888887325888888888
8888888885238888888886220000000001221000000000226888888887325888888888
8888888885238888888886220000000001220135555310226888888887325888888888
8888888885238888888886220001222101223788888873226888888887325888888888
8888888885238888888886220367888751227888888887436888888887325888888888
8888888885238888888886225888888887326888888888778888888887326888888888
8888888885238888888886226888888888523788888888888888888884248888888887
8888888885238888888886223888888888852368888888888888888742478888888885
8888888885238888888886222588888888886324678888888888775235888888888862
8888888885238888888886222258888888888764234566666654322578888888888632
8888888885238888888886222225788888888888765433322211116888888888886322
8888888885238888888886222222368888888888888887200000028888888888742222
