4434788888888888888777777788888888888888864344435888888888634888888888
4358888888888887654444444444567888888888887434435888888888635888888888
3588888888888644467788888877544578888888888853435888888888635888888888
5888888888874357888888888888887435788888888884435888888888635888888888
7888888888634788888888888888888863478888888886335888888888635888888888
8888888887437888888888888888888886348888888888435888888888635888888888
8888888886348888888888678888888887437888888888535888888888535888888888
8888888886358888888886348888888888437888888888535888888888535888888888
8888888885358888888886348888888887447888888888536888888888535888888888
8888888885358888888886358888888887447888888888536888888888535888888888
8888888885368888888885358888888887348888888888436888888888536888888888
8888888885368888888885358888888886348888888888437888888888536888888888
8888888884368888888885358888888886348888888888668888888888436888888888
8888888884368888888885358888888888436888888888888888888887347888888888
8888888884368888888885347888888888744788888888888888888874368888888887
8888888884368888888884335888888888874357888888888888887534788888888885
8888888884378888888884343588888888888644567888888887654468888888888863
8888888884378888888884344358888888888887544445555444457888888888888634
8888888884378888888884344434788888888888888776666778888888888888875344
