8887654333345677777777777777777665544333333322211110000000000000000000
8877654333345667777666667788888776554332222211111000000000000000000000
8877766543344567777666666777888877665433332222111100000000000000000000
7887776554455667777666666777777766544332222111111111111111110000000000
7777766555555566666666677788777766554444443333333332222111100000000000
7776666665544555666666666666666665544333333322222222211111111111000000
7777777766655566777777666777776666544322111111111111110000000000000000
7887777766555667777777777777777765543333333332222211100000000000000000
7777777766666667776666667777777766554433322222211111100000000000000000
7788887777667778887766777888888776654433332222222211111110000000000000
7777777777777777777766777788888777766665554433221111000000000000000000
8888888876666778887776677788888777666555443322211110000000000000000000
7788888888888888887777777888887766544444444443333221100000000000000000
7777888888888888877777788888887776665555555544443332211110000000000000
6667778777777777777777777888887777665544443333322221111000000000000000
7665667777766666655566677777777665543322222222221111111110000000000000
7765444445555554445567778888877765543332222111111000000000000000000000
8887766544334455677788888887766554443333322222111100000000000000000000
8888888888888888888888887766543222222211111100000000000000000000000000
