6666410000000000000000000000000000000000256666667888888888657888888888
6662000000000000123455555443210000000000004666667888888888657888888888
6510000000000135654322222334554200000000000366657888888888657888888888
6200000000003564100000000000125652000000000036657888888888657888888888
3000000000146410000000000000000256300000000005657888888888657888888888
0000000000464000000000000000000015620000000002667888888888657888888888
0000000002651000000000100000000003650000000001567888888888665888888887
0000000003650000000002540000000001651000000001567888888888662367888752
0000000003650000000002651000000001661000000001567888888888662001222100
0000000003650000000002651000000001661000000001567888888888662000000000
0000000003650000000002651000000001661000000001567888888888662000000000
0000000003650000000002650000000001661000000001567888888888662000000000
0001111003650023332102651000000000562000000256788888888887662000000000
1467777513642688888732662000000000365100003888888888888886640000000001
7888888875657888888886665000000000036520006888888888888766400000000003
8888888887568888888887666300000000002564202688888888877653000000000026
8888888887568888888887566630000000000024554456777777654310000000000156
8888888887568888888887566663000000000000123445655443210000000000002666
8888888887568888888887666666520000000000000043110000000000000000146666
