0246788888888888888888888888888888888752100002478888888754467888888753
2478888887788875332111222467788888888875420013468877777654457888887654
3688888887776311235566555432246788888887752112467888888764356788887765
4788888887643345788888888886533468888888876411567888888753357888887653
5788888877645788888888888888764456788888876412578888887643467888888764
7777888863346788788888888888888643688887887643467888888754457888888876
8777887642478887888888888888888753578888888742468888888764446788888765
8778887644688888888654578888888644467888888645567888888633568888888643
8888888634788888888733688877888644688888888743688888888744578888887644
8877788764478887888743578888888864468888888863478888888864478888888876
8887788886247887788886347888888887337888888876447888888876447888888876
5688877888744678777888744678877888753578888888754578888888743478888888
5788877888742478888888863468887888863368888888887788888888763478887788
5788888788754468888888863357888888875335788888888888888888743478888878
4688888888742368888888863137888888888522578788888888888876335788888887
5788888887523578888887642136788888887632467888888888875334468888888875
4688888888642478888887753112688888888876553245556544431246788888888875
5678888887643578888888752002467888888888886543221123456778888888888742
4688888887544577888888742100124678888888888888888888888888888888865300
