0012332103778888888887777777620000000000000000000000000000000000157777
0000000003778888888887777774000000000000123556666654310000000000003777
0000000003778888888887777730000000000025776433222345676310000000000277
0000000003778888888887777400000000002686310000000000024773000000000027
0000000003778888888887776000000000037720000000000000000158510000000004
0000000003778888888887773000000000387100000000000000000005850000000001
0000000003778888888887771000000000683000000000010000000001772000000000
0000000003778888888887761000000001772000000000672000000000683000000000
0000000003878888888887761000000001772000000001783000000000683000000000
0000000003878888888887761000000001772000000001683000000000683000000000
0000000003864888888864771000000001771000000001683000000000683000000000
0000000003860245665301750000000001771000000001683000000000683000000000
0000000002771000000000100000000003861000000001783000000000683000000000
1000000000585000000000000000000016830000000003783000000000683000000000
4000000000158510000000000000000278400000000006773000000000683000000000
7200000000003774200000000000125862000000000048773000000000683000000000
7720000000000136765432222345775300000000000377773000000000683000000000
7773000000000000134566666654210000000000004777773000000000683000000000
7777510000000000000000000000000000000000268777773000000000683000000000
