0000368888888888888888888888888888888887531000026888888887424788888888
2125888888888887655421112235578888888888875300026888888886315788888887
1378888888888642023445665542134578888888888310036788888885115888888887
2578888888874323568888888888762036788888888630136788888886213788888887
5678888887522577888788888887886303788888888740158888888873027888888887
8877888874236888888888888888888621478888888862158888888874247887788887
8887788872257888888887788888888862268888788863258888888873147888778886
8888888861168888888863268888888862268888778874258888778874258887778875
6888788885247888888885137888888884148888888885127888778885127888778887
7888788886316888888887326888878886337888888887415888778887325888777887
5788888886325788888888414788888888514788777888513788888888523788888887
4788888887413788888886424688888886414788888887524788877888623788877778
6788888875226788888887304788888887513788888888888888777887403788877778
7888888886315788888887413688877888622688888888888888777874126888877787
6788888886313688888887510368888888874246788888888888888753368888888763
5678888875335788888886410368888888886312468888888888754323688888888741
6777888875226788888886410025788888888764222455566553101367788888888730
5778888876424677777887431001467888888888776322111123357888778888886420
5788888876325788888887410000126788888887888888888888888888888888763100
