4444310000000000000000000000000000000000144444447888888887546888888888
4442000000000000122333443332100000000000003444446888888887546888888888
4410000000000123443221112233443100000000000244446888888887546888888888
4100000000002443100000000000123431000000000024446888888887546888888888
2000000000035310000000000000000144200000000003446888888887546888888888
0000000000353000000000000000000014420000000002446888888887546888888888
0011110001441000000000000000000002440000000001446888888887546888888888
1567777512530001110001430000000001441000000001446888888887546888888888
7888888874431467776511441000000001441000000001446888888887546888888888
8888888886446888888874441000000001441001221000446888888887546888888888
8888888886458888888886440000000001441367887641446888888887546888888888
8888888886458888888886440000000001444888888886447888888888546888888888
8888888886458888888886441000000000446888888888878888888887445888888887
8888888886458888888886442000000000245788888888888888888885430478888762
8888888886458888888886443000000000024578888888888888888754300012333202
8888888886458888888886444200000000001345778888888888876542000000000014
8888888886458888888886444420000013555555445666777766543210000000000144
8888888886458888888886444443000168888888766555443332110000000000002444
8888888886458888888886444444310488888888888873100000000000000000134444
