8888888885127888888886111111110000000000000000147888888888888888731111
8888888885127888888886111111000000000000001111111234578888888888885111
8888888885127888888886111110000000000001111113566543212578888888888621
8888888885127888888886111100000000000111100038888888764114788888888861
8888888885127888888886111000000000011110000015888888888730378888888884
8888888885127888888886111000000000111000000000388888888883038888888887
8888888885127888888886110000000000111012332100278888888887116888888888
8888888885127888888886110000000000111478888751126888888888215888888888
8888888885127888888886110000000000115888888886115888888888215888888888
8888888885127888888886110000010000116888888887215888888888215888888888
8888888885127888888886110146776520116888888887215888888887215888888888
8888888885127888888886235788888883116888888887215888888888215888888888
8888888886117888888888778888888885127888888887115888888888215888888888
7888888888303888888888888888888872158888888885115888888888215888888888
4888888888730378888888888888888621488888888882115888888888214888888888
1688888888885114678888888888763126888888888841115888888888214888888888
1168888888888752123456666543213578888888888511115888888888214888888888
1115888888888888754322222234678888888888874111115888888888214888888888
1111378888888888888888778888888888888888621111115888888888214888888888
