2000257888888888888888888888887778888887631000013688888887522577888887
1024778888877888753322111223677888888887754200134688777776434677888877
1147788888887753112356665554222467888888887520014678888887523567888777
2257888888875323467888888888764224688888888753114678888887433577888876
3467888888764457888888888888877533677888888752026788888875225778888876
6777778887423677777888888888888873247888778875235788888876324688888887
8777788875247888778887888888888874257888888874236788888875434678888876
7777888863468887888864357888888864446788888863356788888863256888888864
7888888852378888888862368887788853368888888862268888788864346888788764
7887778874358887788863368888888885357887888874258888888874257888788877
8887788873158887788873258888888884147888788874258888888874358888778865
8887778885247887778885247887788886137888888886237888888886126888888875
8887788873247888888875247888788886226888888888778888888875237887778888
8888788764247888888875236888888886313688888888888888778863247888777787
8888888873037888888875114788888888731268778888888888777523578888887656
8888888742368888888764113678888888763235678888888887533346888888887533
7888888863136888888775211258888888887654223555555443113578888888888521
7888888874236788888886200135688888888888654322111235667888888888885222
7888888775346788888876310001256888888888888888888888888888888888741000
