4678888888888888888888888887888888875321000247888888775456778888875320
6778888877887643221122236777888888877543101346787777765556678888775432
7788888877653223456655554334577888888876421235678888877545678888777554
6888888765444567888888888755456788888888653246788888876445678888766433
7888887776568888888888888877555677888888753257788888875446778888876532
7788877545677878888888888888765457887788765456788888876556678888887653
7788875457888888888888888888875567888888875457888888876555578888876533
7888765578887888865556888888865556788888864566788888863356788888875434
8888874468888888875358888778875457888888875457888888875456788888865444
8777887545788778886446788888887555788888887546888888887645788888888755
8877888852478877888863478888888863478888888764478888888764578888888756
7888778886446787778876446788778887545788888886545788888887534788888876
5788777888633688888888743578878888753478888888877888888888743678877788
5678887777765457888888864347888888875434688888888888888888753367888888
4578888878863147888888875225788888888732368888888888788777534678888887
5678888888642467888888754224678888888753356788888888876544456888888876
4467888888865336888888766421257888888877655434455555443224678888888887
4467888888875346788888876310135678888888888755322111235667888888888875
1257888888765446788888876420001246788888877888888888888888888888887653
