0000368888888888888888888888888888888888510000014888888887303788888887
0025888888888888653221111224678888888888763000135887777776215778888777
0158888888888741012456665542112578888888887400015888888887313778888777
0478888888875213578888888888762015888888888851005888888887313778888876
3667888888731478888888888888888511588888888861016888888887205888888887
7877788888303788778888888888888872158888888885015888888887204888888888
8877788886017888778888788888888885027888888887105888888887304788888887
8887788884047888778886137888788886116888888886115888888887116888888886
7888888884038888888885027888778885027888888886116888878887215888878886
7887778885137888778885027888888887216888788887116888888887116888877888
8888778885027888778886027888888887116888878887116888888887226888878886
7888778886127888778886127888778887106888878887216888888888204888888887
8888778885027888888886126888788887205888888888778888888887106888877888
8888888885027888888886115888888888511688888888888888878883037888877788
8888888884017888888886102788888888850158878888888888877620378888888775
8888888863037888888885101488888888885203678888888888642135888888888751
8888888873027888888886100158888888888753112455665443112478888888888610
8888888884137888888886000025788888888888754322111234578888888888885211
8888888885247888888886100001357888888888888888888888888888888888730000
