0025678888888888888888888888888888888764210002467888888764457888888875
2367888888888876543211122456788888888887653101368888888764357888888876
3688888888887531234455655432455678888888874211467788888863257888888876
4678888888764434678888888887753246788888887531246888888875235788888887
6788888887533677888888888887875225788888888631368888888862147888888887
8877888874237888888888888888887533478888888753357888888864357777788887
8887788885247888888887788888888874258888778875247888888886226888778887
6788888885237888888886347888888886237888778887436888777887436888778887
5688888888634788888888524788888888514888888888524888877888513788877888
6788888888633688888888733688888888644788888888743478887788644678877788
4568888887643578887888852478888888853478887888852378888888863478888888
3478888887642378888887653468888887543468888888654578888888764468888778
5678888886434678888888632578888888753478888888888788888888742478887778
6788888887533578888887643468887888752478888888888888878876333688887777
4678888887533578888888741247888888876435778888888888888864467888888874
4678888886434678888887630247888888887532357888888888864333578888888763
5777888876434788888887531014678888888875322355566654211246778888888752
4677888876544567777887632001356788888888877532211122346788778888887631
3578888887634578888888631000013678888888888888888888888888888888875310
