8888888886237888888886333333210000000000000000000000000000000011123333
8888888886237888888886333332000000000000011222222222110000014677664333
8888888886237888888886333310000000000012332211111122232100278888888633
8888888886237888888886333200000000001232100000000000112231487888888863
8888888886237888888886332000000000013310000000000046765333378888888885
8888888886237888888886331000000000133100000000000388888874248888888887
8888888886237888888886331000000000231000000000014788888887326888888888
8888888886237888888886330000000001331000000000236888888888425888888888
8888888886237888888886330000000001331000000000336888888888425888888888
8888888886237888888886320145665410331000000000236888888888425888888888
8888888886237888888886223788888873231000000000336888888888425888888888
8888888886237888888886348888888887330012221000236888888888425888888888
8888888886237888888888778888888886223678887520326888888888425888888888
7888888888424888888888888888888873258888888872326888888888425888888888
5888888888742478888888888888888632588888888884326888888888425888888888
3688888888875335788888888888764236888888888852326888888888425888888888
3368888888888622345566666654334678888888888533326888888888425888888888
3336888888888820111222234445678888888888875233326888888888425888888888
3332478778888500000000026888888888888888632333326888888888425888888888
