7400344444444444311234555665554321000000000000011122445666777776457788
3013444444444443457777777777777776420000000000011122445667777776357888
0144444444444677777777777777777777775200000000011232456667777775358888
1444444444467777777777777777776666666630000000111223456677777774368888
4444444445787777777777776666777777666562000000111224466777777763478888
4444444458877777777764211467778888887763000001112234567777777752588888
4444444688777777776301357888888888888886200011122345677777777611788888
4444445888777777740147888888888888888888852111223446777777777205878888
4444447888777777402687788888888888888888887532334567777777784038788888
4444458887777776027877788888877778888888888887777777777777850278888888
4444468887777773268777777777777777788888888888888877777788502787888888
4444468888777774477777777777777777777788888888888877778873027878888888
4444478888877874577777777666566666777777888888888888887410478788888887
4444478888887864577777777665545555566777777777777776531136888888888864
4444588888887864577777776655433345545777777777532211235788888888888644
4444588888888864677777776655433222345777777777776667788888888888875444
4444688888888855677777666655333221112478777777788888888888888887644444
4444688888888854677777666655333221110026877778888888888888887664444444
4444688888888754677776666645332221110001367777777777777777643344444444
