0000000000000000000000000000000000000111111122222223445677888888888888
0000000000000000000000000000001111122222223333444455677888888777654443
0000000000000000000000000000000000011112222233345566777777776543333444
0000000000000000000000000111111111222222222223345667777777665544445566
0000000000000000000000001111111222233333444445566777777877777777777777
0000000000000000000000001111112223344445555555556667778888887776667778
0000000000000000000000000000001112222333333344444566777777777777777777
0000000000000000000000000000000011122233334455666777777777777777777655
0000000000000000000000000000111112223344555556666777777777776666667766
0000000000000000000000000111112222222222333344556777888887776666777766
0000000000000000000000000000111111111222222333445566777777665555665555
0000000000000000000000000000011122222333333333445566777777776666666555
0000000000000000000000111111111111111111112223345566667777776665555555
0000000000000000001111111112222222222233333333334455555666666665555444
0000000000000000000000111111222223333333334444455566677776655556655544
0000000000000000000000111111122221111111222334455667777766554455566554
0000000000000000000000000000000011112222233334556777777766555556666554
0000000000000000000000000000000001111122222233445667778777666566665543
0000000000000000000000000000001111222333333344445667776666666777776654
