1100378888888888888888888888888888888888620000005888888887205888888888
1015888888888888754322222234678888888888873000005888888887205888888888
0168888888888742113455665532113588888888888400005888888887205888888888
1688888888874113678888888888752026888888888840005888888887205888888888
4888888888720278888888888888888510488888888872005888888887205888888888
7888888888303888888888888888888861058888888885005888888887205888888888
8888888886017888888888778888888884027888888887105888888887205888888888
8888888884027888888886127888888886017888888887105888888887205888888888
8888888884027888888885017888888886016888888887105888888887205888888888
8888888884027888888885017888888886016888888887105888888887205888888888
8888888884027888888885017888888886116888888887105888888887205888888888
8888888884027888888885017888888886106888888887216888888887205888888888
8888888884027888888885017888888887105888888888778888888886106888888888
8888888884027888888885005888888888401788888888888888888883038888888887
8888888884027888888885002788888888840168888888888888888720278888888884
8888888884027888888885000488888888885202578888888888763114788888888861
8888888884027888888885000048888888888752112455666543112478888888888610
8888888884027888888885000003788888888888754322222234578888888888885101
8888888884027888888885000000268888888888888888778888888888888888730011
