5555310000000000000000000000000000000000245555557888888887556888888888
5552000000000000123344444432100000000000003555557888888887556888888888
5510000000000124544322222234553200000000000355557888888887556888888888
5100000000002553100000000000124541000000000035557888888887556888888888
3000000000145410000000000000000255200000000004557888888887556888888888
0000000000453000000000000000000015520000000002557888888887556888888888
0000000002551000000000000000000002540000000001557888888887556888888888
0000000002540000000001540000000001551000000001557888888887556888888888
0000000002540000000002551000000001551000000001557888888887557888888888
0001111002540000000002551000000001551000000001557888888887555888888887
1567777512540245665302540000000001551000000000457888888887552378888763
7888888874545888888863540000000001551003566643557888888888552012333200
8888888886558888888886551000000000452058888888778888888887551000000000
8888888886558888888887552000000000254288888888888888888886530000000001
8888888886558888888887554000000000035568888888888888888765400000000003
8888888886558888888887555300000000002456778888888888876542000000000025
8888888886558888888887555520000000000023456677777776654210000000000155
8888888886558888888887555553000000000001334556544433210000000000002555
8888888886558888888887555555410000000157416873100000000000000000135555
