0000378888888888888888888888888888888887531000026888888886425788888888
2225888888888887665321112234568888888888875310016888888887314788888888
1268888888888753113445565543223567888888888511015788888887213688888888
2467888888886422457888888888765224678888888752014688888887522578888888
5677888888752267788888888888788521488888888873116888888887204788888888
7877788887413788778888888888888852147888888886215888888887314788888888
8888778887226788888888778888888885127888878886326888888887314788777888
6888888885127888888886227888888886117888778887326888777887316888777888
5788778887425888888887315788888887316888888887415888877887315888777888
7888778887315888888887316888877887326888888887413788877887425788777887
5788878886325788878888414788888888523788877888413788888888523788888887
5788888886314788888876324788888886324788888887424788877887534788877787
6788888764246888888886115888888887415788888888878888778887315788877788
7888888874136888888875215788778887413788888888888887778763137888777776
7788888875125788888886202578888888762257788888888888888643578888887653
6788888763237888888875102578888888875213678888888887643235788888887631
7778888763147888888874100157888888888752223555666532112577888888887410
7788887764236777778875310014577888888888764221111233568887788888874201
7888888762147888888874100000267888888777888888888888888888888887630001
