7531123566666666666666666666666664115888888888840000000000000000000000
1124566666666666666666666666666666520378888888883000000000000000000000
5666666666666666665544444566677766662037788888886100000000000000000000
6666666666666654322222112367777777776105888888888200000000000000000000
6666666666543222222221246888777777777203878888888300000000000000000000
6666665432211122222224788888888888874016888888888200000000000000000002
6665432111222222221368888888888886310368888888886100000000000000000245
4322111222222222214788888888887520146888888888882000000000000000124555
1111222222222211138888888888741036888888888888730000000000000012455555
2222222222211100278888888886103688878888888885100000000000001355555555
2222222211100000588888888860158777777778887520000000000000135555555555
2222211100000001788888888710577777777787631000000000000013565555555555
2211100000000002788888888504767777777742000000000000001356555555555553
1100000000000001788888888526666666666300000000000001245655555555554202
0000000000000001688888888736666666655100000000001345665555555555420257
0000000000000000488888888855666666666422111123455665555555566531136888
0000000000000000178888888875666666666655555566665555555566542114688888
0000000000000000038888888887556666666665555555555555566553113578888887
0000000000000000005888888888765666666666555555555555553112578888888887
