4444588888888888888888888888888888888888754444447888888888547888888888
4447888888888888876555555566788888888888886444447888888888547888888888
4578888888888865455677777665555788888888888644447888888888547888888888
4788888888886446788888888888875457888888888864447888888888547888888888
6888888888854588888888888888888744688888888885447888888888547888888888
8888888888546888888888888888888875478888888887447888888888547888888888
8888888887448888888888888888888886458888888888447888888888547888888888
8888888886458888888887558888888887448888888888547888888888547888888888
8888888886458888888887458888888887448888888888547888888888547888888888
8888888886458888888887458888888887447888888888547888888888547888888888
8888888886458888888887458888888887447888888888547888888888547888888888
8888888886458888888887458888888887447888888888557888888888547888888888
8888888886458888888887448888888888547888888888888888888888447888888888
8888888886458888888887447888888888645888888888888888888885468888888888
8888888886458888888887445888888888864578888888888888888854588888888886
8888888886458888888887444688888888887545788888888888876446888888888874
8888888886458888888887444468888888888875455677777766545688888888888754
8888888886458888888887444446888888888888876655555556788888888888887444
8888888886458888888887444444578888888888888888888888888888888888754444
