8888984100000000000000000000000000000000014898888710000000029810000000
8889720000000000012456777776532000000000000279888710000000029810000000
8896100000000002588754333334678752000000000016988710000000029810000000
8871000000000169741000000000001488510000000001798710000000028810000000
8820000000002894000000000000000015972000000000288710000000028810000000
8600000000018830000000000000000000497100000000069710000000028810000000
8500000000059600000000001000000000069400000000049710000000028810000000
8500000000069400000000058400000000059600000000039710000000028810000000
8500000000069400000000069500000000049600000000039710000000028810000000
8500000000069400000000069500000000049600000000039710000000028810000000
8500000000069400000000069500000000049600000000039710000000028810000000
8500000000069400000000069500000000049700000000028600000000028810000000
8500000000069400000000069600000000039810000000001000000000049700000000
8500000000079400000000069810000000006950000000000000000000189300000000
7100000000079400000000069940000000001696100000000000000003894000000000
3000000000079400000000069882000000000048852000000000001369720000000000
0000000000079400000000069898200000000001478764332233568863000000000004
0000000000079400000000069889830000000000002356777776643100000000000159
0000000000079400000000069888996100000000000000000000000000000000003798
