4444578888888888888888888888888888888888644444446888888887446888888888
4446888888888888765555445556778888888888875444446888888887446888888888
4478888888888764445666766655445688888888888644446888888887446888888888
4787888888876445778888888888765447888888888854446888888887446888888888
6888888888753578888888888888888644688888888875446888888887446888888888
7888888888535888888888888888888874468888888886446888888887446888888888
8888888886447888888888778888888886447888888887446888888887446888888888
8888888886458788888887457888888887447888888887446888888887446888888888
7888888886458788888786447878888887447878888887446888888887446877788777
7777777786457777877786447877778787447877777787446877777787446877777777
7777777786447777777786447777777787447877777777446877777777446877777777
7777777786447777777786447777777787447777777777547877777777446877777777
7777777786447777777786447777777777446877777777777777777787446877777777
7777777786347777777786446877777778634787777777887777777875357777777777
7777777786347777777786444777777777754468877777777777788754577777777785
7777777786347777777786444687777777786445678888888888775446777777777864
7777777786347777777786444468777777778765445666776665444678777777778644
7777777786457777777786444445777777777777766554444555677777777777776444
7777777776457777777776444444467777777777777777777777777777777777754444
