0014688888888888888888888888888888888876210000147888888875236788888875
0247888888878887533211122246788888888887542001347888777764346788888775
1478888888877531123556655542224788888888875200246888888876235788887776
2578888888763234688888888887642247888888887630157888888875336788888765
4778888887634688888888888888876335788888887630267888888763247888888876
7877888875225788878888888888888852378887888763247888888874246888888887
8877888762158888788888888888888863268888888873147888888875235788888876
8877888763478887888864357888888863347888888863356888888862257888888864
7888888863378888888862368887788763378888888863368888788864247888888764
7887788874358887788863368888888885357888888885268888888875257888888887
8888788886237887788886237888888887227888888887337888888886347888888876
6788777888534788778888534788778888633788888888634788888888622688888888
6888778887423788888888633688878888632688888888877888888887633788877888
7888888887533688888888633578888888752257888888888888888887324788888788
6888888887412688888888621378888888885125788888888888888863257888888876
7888888885225788888887420257888888887412578888888888764234688888888863
6888888886313788888887520126888888888765432355565544311367888888888852
6788888886435788888887520014678888888888865432211234566788888888887422
6888888876335778888887520000136788888888888888888888888888888888753000
