6666666666666666666666666666666666666666666666666666666666666666666666
6666666666666666666666666666666666666666666666666666666666666666666666
6666666666666666666666666666666666666666666666666666666666666666666666
6666666666666666666666666666666666666666666666666666666666666666666666
6666666666666666666666666666666666666666666666666666666666666666666666
6666666666666666666666666666666666666666666666666666666666666666666666
6666666666666666666666666666666666666666666666666666666666666666666666
6666666666666666666666666666666666766666666666666666666666676666666666
6666666666776666666666776666666666666666666666666666666666776666666666
6666666666776666666666776666666666666666666666666666666666676666666666
6666666666776666666666776666666666766666666666666666666666676666666666
6666666666766666666666666666666666666666666666666666666666666666666666
6666666666766666666666666666666666676666666666666666666666666666666666
6666666666666666666666676666666666666666666666666666666666766666666666
6666666666676666666666666666666666667666666666666666666667666666666666
6666666666766666666666667666666666666676666666666666666666666666666667
6666666666766666666666666666666666666666666666666666666666666666666666
6666666666666666666666666666666666666666666666666666666666666666666666
6666666666666666666666666666666666666666666666666666666666666666666666
