0013577888886555567777888743100235788888888888765544455678888888888887
2333455555555543578888888753210012455555556777886666666655786555555554
7620000000000135664332222345665200000000000377772000000000673000000000
7200000000003774210000000000135762000000000047772000000001673000000000
4000000000157510000000000000000267300000000006772000000001673000000000
1000000000575000000000000000000016730000000003772000000001673000000000
0000000002761000000000110000000003761000000001772000000001673000000000
0000000003760000000002651000000002771000000001672000000001673000000000
0000000003760000000003761000000002771000000001672000000001673000000000
0000000003760000000003761000000002771000000001672000000001673000000000
0000000003760000000003761000000002772000000001672000000001673000000000
0000000003760000000003761000000002772000000001562000000001673000000000
0000000003760000000003761000000001673000000000110000000001772000000000
0000000003760000000003773000000000376100000000000000000005750000000001
0000000003760000000003775000000000047620000000000000000157510000000004
0000000003760000000003777400000000002675210000000000124763000000000027
0000000003760000000003777730000000000135765432222345676310000000000267
0000000003760000000003777774100000000000124556666554310000000000003777
0000000003760000000003777777620000000000000000111000000000000000157777
