5555555555555577777777655555555555555555554211111111233333334455677777
5555555555554455555555445555555565555555555520111111233333334455677777
5555555554433445555555555555555433555555555553111111233333334456677677
5555554433333445555555555555554333345555555555311112333333444456776667
5554433222223455555555555554333455433555555555521112333334444566766667
4443322222234555555555555433455555653355555555552123333334444567666777
4332222222355554444454311356666666776566555555553233333344445676657777
3222222114554444444531124456666677777666755555555333333444456765677777
2222211135544444444213565546667777777766765555556433334444566556777777
2221111254444444441256655546677777777766665555555533344455555677777777
2111111454444444413666666656777777777522555555555544444445667777777777
1111112544444444336666666656777777777422465555555544344567777777777776
1111103544444444466666666654777777777654455555555434567777777777777641
1110003444444444666666666524787777777776666666666777777777777777764100
1100003444444445766666666226778777777777777777777777777777777775310000
1000002444444446766666664027777788777777777777777777777777776410000001
0000001444444446776666664027777777877777777777777777777765320000000002
0000000344444446777666664027777777777777777777777777654310000000000003
0000000244444445777766665116777777776666667766655432111111000000000014
