8888888885017888888885000000158888888888888888888888888888888888730000
8888888885017888888885000003788888888888764322111223578888888888885000
8888888885017888888885000048888888888852112345565542101478888888888610
8888888885017888888885000488888888886202578888888888763004788888888860
8888888885017888888885000688888888840058888888888888888720278888888884
8888888884017888888885000278888887401688888888888888888883028888888887
8888888884017888888885000013566541004888888888778888888887105888888888
8888888884017888888885000000000000006888888887216888888888104888888888
8888888884017888888885000000000000006888888887105888888888204888888888
8888888884017888888885000000000000006888888887105888888888104888888888
8888888884017888888885000000000000006888888887105888888888204888888888
8888888884017888888886110000000000006888888887105888888888204888888888
8888888886007888888888773000000000017888888887105888888888204888888888
7888888888202888888888888664100000048888888885005888888888204888888888
4888888888720278888888888888710000488888888882005888888888204888888888
0688888888884003678888888888500015888888888840005888888888204888888888
0168888888888741013455665542012578888888888400005888888888204888888888
0005888888888888753221111234578888888888873000005888888888204888888888
0000278888888888888888778888888888888888610000005888888888204888888888
