0268888888888888888888888888888888888620000004888888888203888888888888
4888888888888754321111234578888888888884000004888888888203888888888888
8888888888752012455665532102578888888888500004888888888203888888888883
8888888885103678888888888752015888888888850004888888888203888888888830
8888888730168888888888888888610388888888882004888888888203888888888500
8888888302788888888888888888871048888888886004888888888203888888888200
8888886006888888888778888888885007888888887104888888888203888888888200
8888885017888888887117888888887006888888888204888888888203888888888200
8888885017888888886006888888887006888888888204888888888203888888888200
8888885017888888886006888888887105888888888204888888888203888888888200
8888885017888888886006888888887105888888888104888888888203888888888200
8888885017888888886006888888887105888888888305888888888203888888888200
8888885017888888886006888888888204888888888878888888887105888888888200
8888885017888888886004888888888500688888888888888888883017888888887100
8888885017888888886001788888888850058888888888888888730178888888885000
8888885017888888886000388888888886202578888888888864003788888888861000
8888885017888888886000038888888888862112355666543101478888888888710000
8888885017888888886000003788888888888764321111223568888888888885100000
8888885017888888886000000158888888888888888778888888888888888730000000
