0003688888888888888888888888888888888876200000147888888874137888888875
0137888888888887533211112236788888888887641000247887777764237888888775
0378888888887520023556655531114788888888875100137888888875126888887776
1688888888752134688888888887631147888888887510147888888874236888888765
4778888888523688888888888888876314788888888620158888888862137888888875
8877888874125788888888888888888841378887888751147888888874137888888886
8877788861058888888888888888888861158888888872037888888875026888888876
8877888862268887888863258888888862147888888863137888888872047888888864
7888888872168888888871158887788872158888888873048888888874137888888865
7887778884147888788883147888888886137888888886037888888886027888888887
7888778887205888778887116888888888304888888887305888888887325888888886
5788877888623788778888623688878888722688888888732688888888721588888888
6888878887413688888888623688878888722588888888887788888888622688877888
7888877887413788888888512688888888741258888888888888888886214788887788
7888888887302788888888510478888888873025887888888888887751257888888875
7888888885125888888886310267888888887301578888888888753124688888888861
7888888885115888888887300037888888888864312355565443202468888888888730
7888888885126888888887200014788888888888855322111234567888888888885212
8888888874236788888886100000257888888888888888888888888888888888630000
