1000110000000000001111111122233345567777777786215877777777644444444442
0000000000000000000000111111222233456777777778611687777777644444444444
0000000000000000000000000011111222344577777777840277777777733444444444
0000000000000000000000000000011112223468777777861167777777740344444444
0000000000000000000000000000000011122478777777861167777777750134444444
0000000000000000000000000000000000124787777777740377777777740014444444
3211000000000000000000001111110124678877777778632677777777720001444444
4443210000000000000001345555566788888888878876567777777777510000244444
4444443100000000000146666655788888888888888766677777777676100000034444
4444444421000000002666666667777788888888776667777777776751000000003444
4444444443100000026666666677777778887777666666777777666410000000001444
4444444444420000057666666677777777777776666655567665531000000000000144
2444444444442000266666666677777777777766666555432111100000000000000014
1034444444444300276666666646777777777666655542111111111110000000000001
5202444444444430276666666622687777777666543211222111111100000000000000
6630144444444443167666666740277777777764322333222211111000000000000000
6663013444444444357676666761057777777754454433332222111111111000000000
7777401344444444457667666675016777777666655443333222221111111110000000
7777740034444444446767766667413777777677766554433332222221111111100000
