0000278888888888888888888888888888888888630000006888888888315888888888
0115888888888888754321112234578888888888884000006888888888205888888888
0178888888888742013455665432112588888888888400006888888888104888888888
0688888888885103578888888888762026888888888830006888888887103788888888
4777888888720278888888888888888500588888888871006888888887105888888888
8877888888203888788888888888888860058888888884006888888887105888888888
8887788885017888788888778888888884018888888886006888888887105888888888
7888788883028888888886027888788885017888888887116888878887105888878887
7887788885127888888885007888788886017888888887106888888887105888778887
8887788885017888888886017888888886017888888887106888878887205888777887
7888788884027888788886007888888887106888878887106888888888305888888887
7888888885017888888885017888888887006888888887206888778888204888777888
7888888884028888888885007888888887105888888888878888878887006888877888
8888888884017888888885005888888888501788888888888888888882028888877887
7888888885017888888886001788888888850168888888888888888740278888887673
6788888784027888888886000488888888885102578888888888753125888888888740
8778888874027888888886100047888888888852112455666543101478888888888600
7778888885016777777886210003688888888888764221111223568888888888885200
7888888884027888888886100000158888888888888888888888888888888888730000
