2467888888888888888888888888888888887521000025788888876445678888877531
4688888877787753321112224677888888887654200234788777776555678888876532
6788888877753211355665554322467888888877521024678888887643567888777654
6888888875433457888888888764334688888888753125778888887533678888876532
7888888775457888888888888877644567888888763126788888876335678888877631
7778887633567887888888888888876336888788876435678888887534578888888764
7778876425788888888888888888886435788888886424788888887544557888887653
7788886446888788886545688888886444578888886445668888886325678888887433
8888887535888888887524788877887534788888887534788888887644578888887544
8877788764468887888744578888888865567888888864478888888864368888888876
7888788887425888778887425888888888524788888887535788888887545788888886
6578887788863468877788864467887788874357888888864457888888874247888888
4578887788874247888888885347888788886346888888888778888888875347888788
4578888778775347888888875346888888887423688888888888888888863357888888
4578888888863147888888874125788888888732368888888888888877434678888887
4688888888632478888888753125688888888742356788888888876434457888888886
4688888888741378888888753112588888888876553235556544432246788888888885
5678888887643578888888751002467888888888886543211123456678888888888632
5788888887534678888887631000124678888888888888888888888888888888864100
