4444310135678888888888888888888887520000000000111111222334455566677777
4443246788888888888888888888888888886200000001111112223344555666677777
4456788888888888888888888888888888888840000011111122233445556666777777
5788888888888888877777776777888888888884001111111222334455566677777777
8888888888888777777777777777778888888888301111122223344556666777777777
8888888888777777777777777777778888888888711112222333445566667777777777
8888888877777777777777777777777888888888851122233334455666777777777778
8888887767777666666667777777777888888888884222333444556677777777777778
8888777666666666666666667777777788888888887333344455666777777776677788
8877766666666666655555555777777788888888888644445566677777777776677888
7776666666666655554444333468777788888888888876556677777777777756778887
7766666666665555444332222125887777788888888888777777777777777557788877
7666666666555544433222211110378777778888888888888888888778765577887777
6666666655554443332211111100047787777778888888888888888887656777777777
6666655555444333222211110000046677787777788888888888888765567777777777
6665555544433332221111100000036666677777666677777776643346777777777777
6555555443333222211110000000016766666666642111121112235677777777777765
5555544333322221111100000000002677777777777666666667777777777777777544
5555433332222111110000000000000157777777777777777777777777777777754444
