6665554443333333322211110000000000000000000000000000000000000000000000
7666544332222221111110000000000000000000000000000000000000000000000000
6666655433332222221111000000000000000000000000000000000000000000000000
6666554433222111111111111111111100000000000000000000000000000000000000
5554444444333333333222222111111000000000000000000000000000000000000000
5444333333333332222221211111111111100000000000000000000000000000000000
6655544332221111111111111111111110000000000000000000000000000000000000
6555544333333322222222111000000000000000000000000000000000000000000000
6555443322222111111111100000000000000000000000000000000000000000000000
7776665544332222222222211111000000000000000000000000000000000000000000
7766665555554444332221111000000000000000000000000000000000000000000000
6666665544333222211111000000000000000000000000000000000000000000000000
6666544333333332222111110000000000000000000000000000000000000000000000
7766655544444444443332221111100000000000000000000000000000000000000000
7777665544333333332222211111111000000000000000000000000000000000000000
7766554332222222222111111111000000000000000000000000000000000000000000
6665544332222221111000000000000000000000000000000000000000000000000000
7665544433332222222111110000000000000000000000000000000000000000000000
5543322222221111111000000000000000000000000000000000000000000000000000
