1111111111113567888888888888888888888888888888876421000136788888765456
2233333334456778888888887654221112235678888888887653100257888888764346
1122222235788888888876532123455555421135678888888764210246788887753236
1112223356778888877653234678888888887642136788888887520036788888875334
3333334567778888877643467888888888877776323678888887752236788888875335
5555556677888888876434677888888888888888742357888888775336788888876556
4444344678888888875446788888888878888888864247888888876336788888776557
3344566677778888765457888888875446888888875336788888876446788878876556
5566667777888888875446888888875346888888875336788888886546788878876435
3333345678888888875346888888775346788888875336788888886545678888887545
1223334577888888775347888888764236788888876336788888876335778888876445
2222223467888887764347888888765347888888875346788888876456788888887555
0001234567888877654467888888763246788888875235788888888877788888875346
1112223567888887764467888876643246788888874224678888888887778887642357
3333334678888887642367888888752025788888876423577888888888888876445788
1111224578888887653357888888752013678888888752135788888888876432346788
2222234577888887643467888887642001367888888876421234555554321124677888
3333334567888887654567788877642100135778888888776542221112235678888888
3222123577888887655577888887642000013577888888888888888888888888888888
