8888888886347888888886333333310000000000000000000000000000000000123333
8888888886347888888886333332000000000000012222332222110000000000001333
8888888886347888888886333320000000000012332211111122333100001356665333
8888888886347888888886333200000000001232100000000000012332016888888863
8888888886347888888886333000000000013310000000000001221123248788888885
8888888886347888888886331000000000133100000000000037887643348888888887
8888888886347888888886331000000000331000000000012588888886336888888888
8888888886347888888886330000000001331000000000236888888888435888888888
8888888886347888888886330000000001331000000000336888888887435888888888
8888888886347888888886330146665410331000000000336888888887435888888888
8888888886347888888886334888888873331000000000336888888887435888888888
8888888886347888888887348888888887331000000000336888888888435888888888
8888888886337888888888778888888886320122210001336888888888435888888888
7888888888424888888888888888888873335788876301336888888888435888888888
5888888888743478888888888888888633588888888832336888888888435888888888
3688888888874235788888888888764336888888888853336888888888435888888888
3368888888885012345666666654334678888888888533336888888888435888888888
3336888888872000111222334445678888888888875333336888888888435888888888
3333455665410000000000015888888888888888643333336888888888435888888888
