3567888888888888888888888887888888876421001246788888876445778888887521
6788888888877654321112245678888888888765310146788888876445788888877544
8888888887753234445555543355667888888886422356778888875235788888887543
7888888875454467888888888765435788888887643335688888876434688888887654
8888887543577888788888888876324788888888742268888888863247888888887544
8888875346888888888888888887533578888888764357888888874457787788887544
8778886357888888887778888888874357888778875347888888886336888777887645
8888876445688888887556678888887546688877887655678877787655688877888666
6678888876556788888887556788888886546888888887546888888887545788887887
5678888888875467888888875468888888865568888888876447888788875467887778
4445788888876546788888887545788888887545788778887435788888888535788888
4445788888876434788888766654788888865555788888876565788888887655788877
3466788887655556788888876446788888876546788888888887888888876446788877
4567888888765456788888865445788878886445788888888888887887665457888777
2357788888775445788888876423578888887765557788888888888888656677888887
3346678888765446788888876423568888888876544578888888887654445678888887
4457778888765456788888775321136788888887754334555566542123467778888887
2345778888766555677777876431012457788888887776322211223467887788888776
0135778888876645678888887420001125788888887888888888888888888888888764
