3333578888888888888888888888888888888888643333336888888887436888888888
3336888888888888765544444456778888888888875333336888888887436888888888
3378888888888764345566666654335688888888888533336888888888436888888888
3688888888886335788888888888764347888888888853336888888887436888888888
5888888888743478888888888888888633688888888884336888888887436888888888
7888888888435888888888888888888873368888888886336888888887436888888888
8888888886337888888888778888888886348888888887336888888887436888888888
8888888886348888888886347888888887337888888887336888888887436888888888
8888888885348888888886337888888887337888888887336888888887436888888888
8888888885348888888886337888888887337888888887336888888887436888888888
8888888885348888888886337888888887337888888887336888888887436888888888
8888888885348888888886337888888887337888888887437888888888436888888888
8888888885348888888886337888888887336888888888878888888887336888888888
8888888885348888888886336888888888634788888888888888888884348888888887
8888888885348888888886334888888888853368888888888888888743478888888885
8888888885348888888886333588888888886434678888888888875335888888888863
8888888885348888888886333358888888888864334566666654434578888888888633
8888888885348888888886333335788888888888765444444445678888888888886333
8888888885348888888886333333468888888888888888888888888888888888743333
