0000000000000000000000000000000000000000000000000001111111222222233455
0000000000000000000000000000000000000000000000111112222222333344455667
0000000000000000000000000000000000000000000000000001111222222334455566
0000000000000000000000000000000000000000001111111112222222222334556677
0000000000000000000000000000000000000001111111122222333333334455667777
0000000000000000000000000000000000000000011111222333444444444455566677
0000000000000000000000000000000000000000000000111112222333333344456666
0000000000000000000000000000000000000000000000001111122223334455666666
0000000000000000000000000000000000000000000001111222334444555555666677
0000000000000000000000000000000000000000001111122222222222334455666777
0000000000000000000000000000000000000000000000011111111112222233445556
0000000000000000000000000000000000000000000001112222222233333334455556
0000000000000000000000000000000000000111111111111111111111222334455566
0000000000000000000000000000000000011111111111111222222333333333334445
0000000000000000000000000000000000000001111112222223333333334444444555
0000000000000000000000000000000000000011111111122111111112223344555666
0000000000000000000000000000000000000000000000001111222222333345566666
0000000000000000000000000000000000000000000000000111111222222334456667
0000000000000000000000000000000000000000000000111122233333333344555666
