8888888888875544444444434457788888888877522333333332111111136666666665
8888888886423456667777666532347888888887763233333333211111366666666654
8888888631256777777777766665423478888888777323333333211112666666666642
8888874125777766667776666677775236888888777622333333211115666666666511
8888521467766666677666677777777623788888777732333333211146666666665115
8874225676666667765446788888878733688887777732333333210366666666652158
8632466766666676532237888888888524788777778732233333202666666666621488
5235667666666654322358888888887326877777788522333332115666666666314788
2456666666666433223478888888885247777778887323333332156666666664137888
5666666666664332244478888888872167777777885233222321466666666641278888
6666666666543322344588888887850277777777863233333214666666666522778888
6666666665343223444588888777752477777777752322322246666666665226788888
6666666643432224443488887777873377777777753222223566666666652267888888
6666666434322234433378887778884367777777665333356666666666523777888888
6666654444322234333348887778887436777776666655566666666664237778888888
6665434443222233333335887778888754676666666666666666666642477888888886
6644444432222233333333687778888886566666666676666666665325778888888864
4444444432222123333333357778888888876666677766666665433578788888888645
4444444322222113333333334777888888888776666666666555667878888888875453
