0124678888888888888888888888887788888875210001357888888765456788888764
2357788888778876533221122356778888888776542112357787777655556778887764
3567888888776532223566655544335677888888764211346788887775455678887776
3567888887654445678888888887544467888888876433467788887765456778887654
5678888877655688888888888887765566788888876424677888887544567788887653
7777887644566777888888888888877545788778876545677888887644567888888764
7788775456788888878888888888865567888888875456788888875555567888876544
7888755678888888765567888888755556788888745666788888743467888888754345
8888743688888888743578887888754678888888754688888888754567888787654444
7778765457887788864567888888875557887788875468888888875468888888876556
8778887435888778888536888888888535888888877536888888887546888878876567
8877788754578877888755578887888764467888888765468888888864367888888656
8887788864367888888875357888888875347888888888778888888875357887778888
8888877766556888888875445788888887533578888888888888888864357888877887
8888888875235788888886423688888888753357878888888888877643578888887766
8888888764346888888875323568888888875445677888888887655545788888887655
5778888887643578888877653224688888888766554445555554432357788888888864
4578888888754467788888764101356778888888887654322112346677888888888874
1357888888765446788888876410001356788888888888888888888888888888887653
