8888888885017888888885000000000000000000367888888888888888888888730000
8888888885017888888885000000000000000000001222112234578888888888885100
8888888885017888888885000000000000000000000245665542102478888888888610
8888888885017888888885000000000000000000002888888888763004788888888860
8888888885017888888885000000000000000012334677888888888720278888888884
8888888885017888888885000000000000001578888776788888888883028888888887
8888888885017888888885000000000000004888888887678888888887105888888888
8888888885017888888885000000000000006888888887216888888888204888888888
8888888885017888888885000000000000006888888887105888888888204888888888
8888888885017888888885000000000000006888888887105888888888204888888888
8888888885017888888885000002221000006888888887105888888888204888888888
8888888885017888888886124478887620006888888887105888888888204888888888
8888888886017888888888778888888871017888888887105888888888204888888888
7888888888203888888888888888888871048888888885005888888888204888888888
4888888888720278888888888888888610488888888882005888888888204888888888
0688888888884103678888888888752015888888888840005888888888204888888888
0168888888888741013455665542102578888888888400005888888888204888888888
0005888888888888753221112234578888888888873000005888888887204888888888
0000378888888888888888778888888888888888610000005888888887204888888888
