0013343333456677656666666666666666654321112223444444445567765777777777
0000123456777777755666666666666666666654211222444444445567756777777777
0000025777777777765666666666666666666666653122344444445567657777777777
0002466667777777766655555553455666666666666532344444455566477777777775
0246666666777777655555555543433345666666666664444444455664677777777761
4666666666677665555555555435555543466666666666644444555546777777777720
6666666666555555555555555345666676656776666666664445554467777777777300
6666666664345555555555553466666777765567766666665555444677777777773000
6666666643345555555555533666667777777656766666666653457877777777730000
6666665433334555555555203556677777777741466666665434678777777777200000
6666554333335555544453015444677777777752245665554567877777777761000000
6655543332235555544552045554477777777776544555567888777777777410000000
5555433322245555555541255555457777777777777777788888877777752000000000
5554332222245555555541455555545777777777777777788888888875311100000000
5554322222245555555542555555554347888777777788888888887531111110000000
4543222222135555555544555555554136777888888888888877643221121110000000
5443222211125555555545555555554126666677777777766554333222121110000000
4432222111114555544445655555555105666666666555554444443323222111000000
4432221111102555444445665555555301666666666654444444444333322211110000
