8888888888851000000000000000000000000000000000037888888200000000178200
8888888887200000000000013456666665421000000000001588888200000000178200
8888888871000000000014777543222335677520000000000048888200000000178200
8888888710000000000487420000000000013686200000000005888200000000178200
8888888300000000016851000000000000000038830000000001788200000000178200
8888887000000000068400000000000000000002882000000000488200000000178200
8888886000000000387000000000010000000000486000000000288200000000178200
8888886000000000486000000000375000000000387100000000178200000000178200
8888886000000000485000000000487000000000387100000000178200000000178200
8888886000000000485000000000486000000000287100000000178200000000178200
8888886000000000485000000000486000000000287100000000188200000000178200
8888886000000000485000000000486000000000287100000000167100000000178200
8888887000000000485000000000487100000000178200000000000000000000288100
8888886000000000485000000000488200000000048610000000000000000000684000
8888883000000000485000000000488500000000005862000000000000000026850000
8888850000000000485000000000488830000000000378520000000000002587300000
8888500000000000585000000000488883000000000003677643222234577631000000
8884000000000000585000000000488888400000000000013456666665431000000000
8620000000000000485000000000488888862000000000000000000000000000000000
