1110000003877777777777777778630111111111100001111100011111111110258888
1000000003877777777777777775100001111100124566666654321001111000003787
0000000003877777777776777740000000010135776543333345776410000000000278
0000000003862577777743777400000000002686310000000000125874100000000027
0000000003860012332102776000000000048730011111111111100168610000000004
0000000003860000000002773000000010387201111111111111111005850000000001
0000000003860000000002871000111111684011111111111111111101782000000000
0000000003860000000003871011111112782011111111672011111100683000000000
0000000003860000000003871111111112782011111111783011111100683000000000
0000000003860000001103871111111112882011111111783011110000683000000000
0000000003860000111103871111111112882111111111783011000000683000000000
0000000003861001111102761111111112882011111111783000000000683000000000
0000000002771011111111111111111103871111111101783000000000683000000000
1000000000585001111111111111111017840111111003883000000000683000000000
4000000000158610011111111111100278401111100006773000000000683000000000
7200000000004775210000000000136873011110000048773000000000683000000000
8720000000000146775433223346776310111110000377773000000000683000000000
8873001011111001235666776654310011111111014877783000000000684000000001
8888520111111111100011111100011111111111368777783000000000684000000111
