3334444444444445555555555666666677777777888888888610012344444444444444
3333333333334444444445555555666677777776688888888850000012344444444444
2222222222333333333334444455556667777777678888888882000000012334444444
1111111122222222222233333344455677777777768888888884000000000001122333
1111111111111111122222222233446777777777778888888884000000000000000000
0000000011111111111111111122367777777777888888888882000000000000000000
0000000000000000000001111113777777777788888888888850000000000000000000
0000000000000000000000000037877777778888888888888610000000000000000000
0000000000000000000000023478777777888888888888874000000000000000000000
0000000000000000000002566787777777888888888887510000000000000000000000
0000000000000000000146666777777778888888888852000000000000000000000000
0000000000000000001577666777777788888888886311111111111111111111111111
1100000000000000005777776777777888888888742111111111111111111111111111
4433210000000000027777777677678888888886332222222211111111111111122222
4444443210000000047777777765678888888874443333222222222222222222222222
4444444442100000047777777761278888888875544444333333333333333333333333
4444444444431000037777777773048888888887655555544444444444455554444444
4444444444444210017777777776117888888888776666666666666666666665555566
2344444444444442004777777777512688888888777777777777666666666666666677
