5555556666665555544444445555666566666664127888888887100000000000000000
5555444333222221122222222222334566666666304888888888400000000000000000
2221111111111111112222221222334677777666511688888888710000000000000000
1111111111111111111111234677888877777776620488888888820000000000000000
1111111111111111111135788888888888777777730488888888830000000000000000
1111111111111111014788888888888888888877510588888888820000000000000000
1111111000000000378888888888888887765542014888888888600000000000000000
0000000000000015888888888888653221111223578888888888300000000000000000
0000000000000168888888888642113456777888888888888883000000000000000000
0000000000000588888888873114677888888888888888888730000000000000000000
0000000000003888888888722567777777777788888888874100000000000000000000
0000000000005888888888446666777777778888888775310000000000000000000000
0000000000017888888886465556667777766655432100000000000000000000000012
0000000000017888888886666665555653100000000000000000000000000001123455
0000000000017888888886666666665510000000000000000000000000012344555555
0000000000017888888887566666666642000000000000000000001123455555555555
0000000000005888888888666666666655432100000000011123345555555555555555
0000000000003888888888756666666655555554444444555555555555555555555555
0000000000001688888888866666666655555555566666555555555555555555554333
