4443455555555555555555555555555555555555443433444555555555434555555555
3344555555555555544444444444455555555555554334434555555555434555555555
3445555555555544444444444444444455555555555434334555555555434555555555
3455555555554434455555555555544344555555555543434555555555434555555555
4555555555543455555555555555555443455555555554334555555555434555555555
5555555555434555555555555555555544345555555554334555555555434555555555
5555555554345555555555555555555554345555555555434555555555434555555555
5555555554345555555554445555555554345555555555434555555555434555555555
5555555554345555555554345555555554345555555555434555555555434555555555
5555555554345555555554345555555554445555555555434555555555434555555555
5555555554345555555554345555555554445555555555434555555555434555555555
5555555554345555555554345555555555434555555555444555555555434555555555
5555555554345555555554345555555555434555555555555555555554334555555555
5555555554345555555554334555555555434555555555555555555554345555555555
5555555554345555555554334555555555543445555555555555555543455555555554
5555555554345555555554343455555555554434455555555555544344555555555544
5555555554345555555554443345555555555544444444444444434455555555555433
5555555554345555555554444334555555555555544444444444455555555555554333
5555555554345555555554344443445555555555555555555555555555555555543344
