4223568888888888888777777778888888888887642222235788888886435788888888
3124678888888877654333333344567788888888764100025788888876324788888888
3357888888887643233455555543333567888888876421125788888876324788888888
4578888888764324567788888877653235778888887641125788888876324788888888
6778888887632357888888888888877532467888888763125788888876324788888888
8888888876423678888888888888888753247888888874225788888876324788888888
8888888875225788888887777888888874236788888875225788888876324788888888
8888888874236788888876446788888875235788888876325788888876324788888888
8888888874236788888875236788888875335788888876325788888876324788888888
8888888874236788888875236788888875325788888876325788888876324788888888
8888888874236788888875236788888875325788888876325788888876324788888888
8888888874236788888875236788888875325788888876435788888876324788888888
8888888874236788888875225788888876324788888887777888888875325788888888
8888888874236788888875224788888887523578888888888888888763236788888888
8888888874236788888875213678888887642357788888888888887532367888888876
8888888874236788888875211467888888875323567788888877654234678888888754
8888888874236788888875211246788888887753333445555543323467888888887533
8888888874236788888875200013678888888887654433333334567788888888764213
8888888875346788888875322222467888888888888777777778888888888888753224
