2222478888888888888888888888888888888888632222226888888888325888888888
2226888888888888765433333345678888888888884222226888888888325888888888
2268888888888753234566666543224688888888888522226888888888325888888888
2688888888885224688888888888763236888888888852226888888888325888888888
5888888888731378888888888888888622588888888883226888888888325888888888
7888888888414888888888888888888872268888888886226888888888325888888888
8888888886227888888888788888888885138888888887226888888888325888888888
8888888885138888888886237888888886227888888887226888888888325888888888
8888888885138888888886127888888886227888888887226888888888325888888888
8888888885238888888886227888888887227888888887226888888888325888888888
8888888885238888888886227888888887227888888887226888888888325888888888
8888888885238888888886237888888887227888888888326888888888325888888888
8888888885138888888886227888888887326888888888878888888887226888888888
8888888885138888888886226888888888513788888888888888888884148888888887
8888888885138888888886223888888888852268888888888888888731378888888885
8888888885138888888886222588888888886323678888888888864225888888888862
8888888885138888888886222258888888888863223556666654323578888888888622
8888888885138888888886222224888888888888765433333344678888888888885222
8888888885138888888886222222368888888888888888888888888888888888742222
