1111111111111111111111122222222223455555555565358888888783000000000000
1111111111111111111100011222222222235555666665348888888884000000000000
1111111111111111110112455667777776666666666665348888888884000000000000
1111111111111111235677777777777777777777766665348888888884000000000000
1111111111111124677777777777777777777777777664248888888884001000000000
1111111111112477777777777777778887777777777663258888888882111100000000
1111111111136777777777777665555566677777777642378888888871111111000000
1111111110477777777777643223444433333334554324788888888841111111110000
1111111115877777777764345667777777776532223468888888888622111111111110
1111111148877777777555555667777777778888778888888888886222211111111111
1111111278788877775566654567777777777777788887888888852222222111111111
0000011587778887765666665456777777777777777888888876322222222222111111
0000001777777888756666666545554456778888888888877532222222222222221111
0000003877777778656666666652012222234456666665433223222221111112222112
0000004877777777666666666654101222222222101332233333332222222221122222
0000005777777777566666666555520122222222210133333333322222222222222222
0000006777777777555566555555553112222222221012333333333333333232222222
0000016777777777655455555555555543222222222210122333333333333333333332
0000016777777777654544555555555555544332222221100112233333333333333333
