1110378888888888888888877641000000000000011111106888888887205888888888
1015888888888888754322221000000000000000000111106888888887205888888888
0168888888888742113455665310111000000000000011106888888887205888888888
1688888888874113678888888840001110000000000001105888888887205888888888
4888888888720378888888887520000011000000000001105888888887205888888888
7888888888303888888888861134554200100000000000105888888887205888888888
8888888886017888888888732788888862110000000000105888888887205888888888
8888888884028888888886117888888886010000000000105888888887205888888888
8888888884028888888885017888888886110000000000105888888887205888888888
8888888884028888888885017888888886110000000000105888888887205888888888
8888888884028888888885017888888886110023443200005888888887205888888888
8888888884028888888885017888888886101588888854216888888887205888888888
8888888884028888888885017888888887103888888888778888888887106888888888
8888888884028888888885005888888888401788888888888888888883038888888887
8888888884028888888885002888888888840168888888888888888720278888888884
8888888884028888888885010488888888885202578888888888763114888888888861
8888888884028888888885011048888888888752112455666543112478888888888610
8888888884028888888885011104788888888888764322222234578888888888885101
8888888884028888888885011110268888888888888888778888888888888888730011
