7400344444444441000000000000000000000000111122446677777776327888888887
6102444444444420000000001110000000000000011122345677777777216888888887
3014444444444300001234566666554210000000011122345677777777216877778887
0034444444444101356777777777777664200000011122345677777777206877788887
0144444444442136777777777776666666540000011122345677777787117877788886
0344444444433677777777777666677777764100011123446777777786027777888886
1444444444457777777777766777788888888764211223467777777784038777888885
2444444444677777777776336777888888888888876666778777777871068777888874
3444444446877777777730178888888888888888888888888877778830487778888864
4444444447777777777203788888888888888888888888888877887303777778888754
4444444468777777773037788888877777778888888888888888751047777778888644
4444444478777777761067778888777777777777788888877653113687777888886444
4444444478777777760377777777777777777766677777764123578877778888864444
4444444478777777762577777777766666666656777777777778887777888886444444
4444444468777777774577777777665555555555677777777777777777788741344444
4444444468777777775577777777665533333444578877777777777778875102444444
4444444458877777786467777777665543322111124678877777778775310014444444
3444444447877777786467777777765543422211100124566666543210000034444444
2444444447888777777557777776766553422211110000000100000000000244444444
