0112677888888865678888788765433345677778854444447877777777546877778776
0004777777777788653222112234678877777777773000005777777777104877777777
0168777777778742112455555432113577777777778400005777777777104877777777
0587777777774103677877777787752026877777777840005777777777104877777777
4877777777720268777777777777777510477777777772005777777777104877777777
7777777777203777777777777777777861057777777785005777777777104877777777
7777777775016777777777777777777784017777777776105777777777104877777777
7777777784027777777776127777777776016777777777105777777777104877777777
7777777784027777777785017777777776016777777777105777777777104877777777
7777777784027777777785017777777776006777777777105777777777104877777777
7777777784027777777775017777777776006777777777105777777777104877777777
7777777784027777777775017777777776006777777777216777777777104777777777
7777777784027777777775016777777777105877777777777777777776106777777777
7777777784027777777775005777777777401687777777777777777773037777777777
7777777774027777777775002777777777740157777777777777777620277777777774
7777777774027777777775000487777777775102577777777777763014777777777750
7777777774027777777775000047777777777752112355555543112477777777777610
7777777774027777777775000003777777777777654322112223567777777777775100
7777777774027777777775000000257777777777777777777777777777777777630000
