1000367888888888888888888888887778888887620000013788888887412678888887
1024788888877888653321111224678888888887754100135788777776324677888877
0147888888887752112356665553222578888888887410014788888887413678888777
1367888888875323467888888888763125788888888752015788888887323678888876
3567888888753468888888888888877522678888888752026888888875225788888877
6777778887313678777888888888888873147888778875125788888886314788888887
8877788875137888778887888888888875147888888885126888888886424678888876
7777788874257887788874247888888874236888888874236788888874136888888875
7888888873258888888873148887788873258888888874148888788875236888788875
7887778875247887788873147888888886237887788886137888888885137888778887
8887778885137887788885147888888886137888888875137888888885247888778875
8887778886137887778886237888778887116888888887226888888887215888888886
8887778874137888888886236888788887215888888888778888888886227888778888
8888888874137888888885126888888887412688888888888888778873147888877787
8888888873027888888886113788888888841258878888888888877622578888887765
8888888752257888888864102578888888764225678888888887542246888888887642
8888888863127888888875101258888888887653223455555443113578888888888621
8888888874137888888886100135788888888888654322111235667888888888885222
8888888875246888888886200001357888888888888888888888888888888888740000
