2567888888888888888888888888888888887421000135788888876446678888876421
5778888877787753321112224677888888887654200235788777765555677888776532
6788888877754212356665555433467888888876521124678888877644567888777654
6888888875434457888888888765445678888888764225678888887544678888876543
7888888776557888888888888877655567888888764225778888876435678888887642
7778887644567787788888888888886435788878876545678888887545567888888764
7778876535788888888788888888887545788888887535688888887555557888887653
7788876556888888886555688888876555678888875456678888886335678888886443
8888886347888888887436888878876446888888886446888888887545778888876544
8877887654688878887545788888888755678888888754788888888754688888888765
8887888875357888788886457888888886447888888876557888888876556888888766
6678887788755568877888764567887788765467888888765467888888764357888888
4578887788874247888888885346887788886436888888888778888888876347888778
4568888877876446888888886435788888887533478888888888888888875346888888
4468888888875225788888887323678888888863247878888888788877643578888887
4578888888753357888888764323578888888764346778888888886544446788888887
3467888888864247888888765321257888888876655434455554443224678888888887
4567888888764457788888875200246788888888888754322112345667888888888874
2368888888764456788888875310012357888888888888888888888888888888876641
