0344444444430000000000000000000000001112224466777777771068888888874444
0244444444430000000000000000000000000111223456777777784048888888885444
0244444444430000000000000000000000000011122446777777786027888888886444
0244444444430000000001223333221000000011122345777777787117888888886444
0244444444430000002456777777665431000001122345777778787117888888886444
0344444444430001367777777666666665311001122357888888886117888888886444
0344444444420036777777776666777788877655556778888887784038778888885444
0344444444420477777777776778888888888888888888888878861168778777875444
0344444444424777777777767777888888888888888888888888510587787777864444
0344444444447777777776347778888888888888888888888762026877777778744444
0344444444477777777772068888888777778888888887776212578777777787344444
0344444444577777777740278888887777777777777766677667877777777872144444
0244444444687777777720587888877777777766667777777887777777777610244444
0144444444687777777720577788777776666655556777777777777777763000344444
0144444444587777777721677777777766555555555678877777777776310000344444
0034444444477777777752577777777765433333333334677777665310000001444444
2024444444478777777774477777777654433322111000012221100000000001444444
4014444444458777777776467777776665553432211111000000000000000002444444
6103444444447877777777457777777766554332221111000000000000000002444444
