8888888886457888888887555555420000000000000000000000000000000000135555
8888888886457888888887555553000000000000012344444433210000000000002555
8888888886457888888887555520000000000013444322112233454210000000000145
8888888886457888888887555300000000001454210000000000013542000000000015
8888888886457888888887554000000000025420000000000000000135410000000003
8888888886457888888887552000000000254100000000000000000003530000000000
8888888886457888888887541000000000452000000000000000000001451000000000
8888888886457888888887541000000001451000000000441000000000452000000000
8888888886457888888887540000000001551000000001452000000000452002333200
8888888886457888888887541000000001551000000000452034565420452368888863
8888888886457888888887440123432101551000000000453688888884455888888888
4788888853558888888887554788888731551000000000446888888888546888888888
0134554201557888888888788888888873540000000001447888888888546888888888
1000000000356888888888888888888875520000000002546888888888546888888888
3000000000035678888888888888888755300000000004547888888888546888888888
5100000000002456788888888888776542000000000035547888888888546888888888
5410000000000123456677777665543200000000000255546888888888546888888888
5552000000000000122334455556676653000000003555547888888888546888888888
5555310000000000000000013788778888500000145554447888888888546888888888
