0357888888888888888888888888888888887631000013688888887544567888887642
3578888887788764322111222567888888888765310023578877776544567888877643
4788888887765211245665555322357888888887641012578888888753457888877754
5788888887532346888888888875422578888888875202578888887643467888887642
6788888876445888888888888888763457788888875212678888887632567888887753
8777888853246888788888888888888523688878887632468888888742467888888875
8777888741478887888888888888888742578888888741368888888763346888888765
8778888643678878888743468888888743468888888643457888888732467888888743
8888888742588888888731588877888742588888888742578888888753367888888654
8887788864368887788853468888888874358887888874368888888874258888888886
7888778887326888778887326888888888415888888887425888888887435788888876
5678877788743578877888753578877888863468888888853468888888852268888888
4688877788752368888888863368887888874357888888887778888888763368888788
5688888778753468888888863357888888875325788888888888888888742478888878
4788888888741368888888862147888888888522578788888888888875335788888887
5788888887423678888887642136788888888631367888888888875323568888888875
5788888888521478888887641113688888888876542245556544321246788888888873
5788888887533678888888731002567888888888876542211123456788888888888621
5788888887434678888888631000124688888888888888888888888888888888864100
