0000134333333334444444334444443333333334310000003433333343102433333333
1012443333333444332111111122334444433333432000003443333343102433333333
0134333333344321111223333221111344433333344200103433333343102433333333
1344333333432102334444444444321013443333334420003433333343102433333333
2444444334310134443333333333444310244333333431003433333343102433333333
4444444444102443333333443333333431024333333342003433333343102433333333
4444444343013433333334334333333342013433333343103433333343102433333333
3333333342014333333343113433333343013433333343103433333343102433333333
3333333342014333333342013433333343013433333343103433333343102433333333
3333343342013333333343013433333343013433333343103433333343102433333333
3333333342013333333343013433333343003433333343103433333343102433333333
3333333342013333333343013433333343003433333343113433333343102433333333
3333333342013333333343013433333343102433333334334333333343103433333334
3333333342013333333343002433333344201343333334443333333441014333333343
4433333342013333333443001343333344420134443333333333444310134333333342
4444333342013333333343000244333334443101334444444444332012443333333431
3333333342013333333443000024433333444331111223333221111234433333334310
3333333442013333333442000002343333344444332111111112234443333333442101
3333334442014333334442010000134333333333444444333444444433333334310000
