4456778888888888888888888888888888888620000000000001111112222344455677
5788888888888888888888888888888888888885000000000011111122233444555677
8888888888888887777777777777788888888888500000001111112222334445555677
8888888888777777777777777777777888888888840000111111122233344555666677
8888888777777777777777777777777788888888871011111112222334445556666777
8888877766777776777777777777777788888888882011111222233344455666666777
8877766666666666666666677777777788888888884111122222333445556666777777
7776666666666666666556667777777788888888886112222333344555666677777777
7666666666666655555544445777777778888888888322233334445566667777777777
6666666666655555444433333477777778888888888533334445556667777777777777
6666666655555444433222222148777777888888888744444556667777777777777778
6666655555444433222221111115877777788888888876555667777777777776677788
6555555444433322221111111001687777778888888888777777777777777766777888
5555544443332221111111100002667877777888888888888887777777776567788888
5444443333222111111100000004666777777788888888888888777787655678888877
4443333322211111110000000003766667777767888888888888888765567788877777
4333322222111111000000000001677776667753345677778877765556777777777777
3332222111111000000000000000277777777776432112222222335677777777777776
2222211111000000000000000000037777777777777766555666777777777777777754
