8888621111111111110111111100111111111111378888883111111111784011111111
8884111111111101235667776654311111111111015888883111111111784011111111
8720111111110147876433333456776311111111111488883111111111784011111111
8301111111114885211001111001136863111111111058883111111111784011111111
4011111111168620111111111111101378411111111116883111111111784011111111
1111111111685111111111111111111027831111111103883111111111784011111111
1111111113872111111111111111111104871111111112783111111111784011111111
1111111104861111111112761111111112882111111111783111111111784011111111
1111111104861111111103871111111112882111111111783111111111784011111111
1111111104861111111113871111111112882111111111783111111111784011111111
1111111104861111111113871111111112882111111111783111111111784011111111
1111111104861111111113871111111112882111111111672111111111784011111111
1111111104861111111103872111111111783011111111111111111112782111111111
1111111104861111111103883011111111487201111111111111111115861111111111
1111111104861111111113886111111111148731111111111111110268611111111104
1111111104861111111113888401111111113786311001111100125884111111111038
1111111104861111111113888840111111111136876533333346787410111111110278
1111111104861111111103888885101111111101134567777665321011111111113888
1111111104861111111113888888731111111111110011111110011111111111268888
