0256788888888888888888888888888888887642100024688888877644578888888742
3688888888887765432111234568888888888876420025788888887544678888887654
7888888888764223445555543335567788888887521235778888887424688888887643
7888888876444457888888888776434688888888753234678888887533578888888754
8888887644577888788888888886423688888888752247888888874236787888887644
8888876336888887888888888888633468888888864357888888875456777788887655
8788875357888888887788888888874357888778875347888888886336888777887545
8888876345788888886455788888876446788777887545788877787544788777887656
6788888875556888888875456888888875357888888876347888778875347888878887
6788888888754578888888754578888888655578888888764468887888754568877788
4456788888764457888888886347888888885346888778885337888888886336888888
3346888888765336888888766545788888764446888888865556888878886546788877
3567888887554457888888874346888888876446888888888888888788875346788877
3567888888765456888888865446788878886335788888888888887887654457888777
1356788888775335788888876412578888887765457788888888888888655678888887
2245678888775345788888876412467888888876434568888888888754334678888887
4456777888765446788888875421135778888888764334455566553212467778888887
2245677888776555567777886431002456788888888776422211123457787778888876
0134678888877644678888887521000124778888888888888888888888888888888765
