4666788888887666788888888888888753236666666666521244467777766686568888
6678888888866678888888888888888888632566666666651344577777766786678888
6788888888666888887778888888888888874356666666663344577777766776678888
7888888887667766666666665688888888886546666666665444677777666866688888
8888888875456667777777532467788888887666666666666544677777666866788888
8888888852377777777776557876678888887667666666666545777777666766788888
8888888522777777777765578887667888886668766666666545777777667756888888
8888887226777777778755788888766788765678865666665446777777666666888888
8888874257777777777556888888876687656788876666664457777777766667888888
8888863467777777765257888888886666567888887556653467777777765668888888
8888752577777777663248888888888414788888877766643477777777654678888888
8888733677777777652357888888887524788888777777644677777777644678888887
8888624677777776642366788888876666678887777776556777777776646688888887
8887435777777776632466678888866688766777777765457777777766666788888886
8886345777777776522466667888865688877667777545677777777777667888888866
8875456777777766422366666788875678888877777667777777777886668888888666
8865557777777766322366666667886568888888888887777788888866678888876666
8766557777777666322246666666678656788888888888888888887666788887666664
7665557777777665222225666666666766667888888888888888776678888766666642
