8889620000000000000000000000000000000000379888893000000000794000000000
8983000000000000135677777654210000000000015988893000000000793000000000
8820000000000147876433333456886300000000000498893000000000793000000000
8200000000004885200000000000136972000000000059893000000000793000000000
4000000000169610000000000000000389400000000007993000000000793000000000
1000000000696000000000000000000028930000000003993000000000793000000000
0000000002981000000000110000000004970000000001893000000000793000000000
0000000004970000000002871000000002881000000001893000000000793000000000
0000000004970000000003981000000002881000000001893000000000793000000000
0000000004970000000003981000000002882000000001893000000000793000000000
0000000004970000000003981000000002882000000001893000000000793000000000
0000000004970000000003981000000002882000000001682000000000794000000000
0000000004970000000003981000000001793000000000110000000001892000000000
0000000004970000000003993000000000497100000000000000000006960000000001
0000000004970000000003997000000000049720000000000000000169610000000005
0000000004970000000003989400000000003796310000000000025884000000000028
0000000004970000000003988940000000000036886533223346787410000000000289
0000000004970000000003988895100000000000134667777765310000000000003898
0000000004970000000003988889730000000000000000000000000000000000169988
