8888888887678888888887666667620000000000000000000000000000000000157766
8888888887678888888887666674000000000000123455555554210000000000003676
7888888886678888888887666730000000000025665432222335665310000000000267
2678888743778888888887667400000000002575210000000000024763000000000026
0023332103778888888887675000000000037620000000000000000157510000000003
0000000003778888888887673000000000276100000000000000000004750000000001
0000000003778888888887661000000000673000000000010000000001672000000000
0000000003778888888887661000000001672000000000562000000000573000000000
0000000003778888888887661000000001672000000001672000000000573000000000
0000000003778888888887661000000001671000000001672000000000573000000000
0000000003778888888887761000000001661000000001672000000000573000000000
0000000003778888888887650000000001661000000001672000000000573000000000
0000000002777888888888200000000003761000000001672000000000573000000000
1000000000577788888873000000000016730000000002772000000000573000000000
4000000000057644555310000000000267300000000005772000000000573000000000
7200000000003664100000000000125762000000000047672001222100573000000000
7620000000000136665332222345665200000000000377672367888752573001222100
6763000000000000124556666553210000000000004776666888888887673267888762
6677510000000000000000000000000000000000267666667888888888766888888887
