0000268888888888888888888888888888888888630000006888888887325888888888
2125888888888888754321111234578888888888874100006888888887105888888888
0178888888888742013455665532113588888888888400006888888886104788888888
0588888888885103678888888888762026888888888830006888888887103788888888
5878888888720278888888888888888500488888888871006888888887105888888888
7888888888203888888888888888888860058888888885006888888887105888888888
8888788885017888888888778888888884018888888887005888888887105888878888
7888888884018888888886017888888886007888888887106888888887105888878888
7888788885118888888885007888888886007888888887105888888887105888888888
8887778885017888888885007888888886007888888887105888888888204888878887
7888788884018888788885007888888887006888888887006888888887104888888887
8888888884018888888885017888888887006888888887206888888887104888888888
8888888884018888888885007888888887105888888888878888888887006888878888
8888888884017888888885005888888888401788888888888888888882028888888887
8888888884018888888885001888888888840168888888888888888720278888887773
8888888784018888888885000488888888885102578888888888763004888888888850
8778888884018888888885000048888888888852002455666542101478888888888600
8888888884017888888886100003788888888888754221111123568888888888885100
8888888884018888888885000000168888888888888888888888888888888888720000
