8888888887778888888887777777620000000000000000000000000000000000157777
8888888887678888888887777774000000000000123455665554210000000000003677
5888888864778888888887777730000000000025665432222345665310000000000267
0245665303778888888887777400000000002575210000000000024763000000000027
0000000003778888888887675000000000037620000000000000000157510000000003
0000000003778888888887773000000000276100000000000000000004750000000001
0000000003778888888887761000000000673000000000010000000001672000000000
0000000003778888888887761000000001672000000000562000000000573000000000
0000000003778888888887761000000001672000000001672000000000573000000000
0000000003778888888887761000000001671000000001672000000000573000000000
0000000003778888888887761000000001771000000001672000000000573000000000
0000000003778888888887650000000001771000000001672000000000573000000000
0000000002777888888885100000000003761000000001672000000000573000000000
1000000000575578887641000000000016730000000002772000000000573000000000
4000000000057521221000000000000267400000000005772000000000573000000000
7200000000003674100000000000025762000000000047772000000000573000000000
7620000000000136665332222345665200000000000377772035665420573000000000
7763000000000000134556666554210000000000004777774688888884573024554310
7777510000000000000000000000000000000000267777777888888888774588888874
