0000378888888888888888888888888888888888620000006888888888105888888888
0015888888888888754322222234678888888888873000006888888888105888888888
0168888888888742113455665532113688888888888400006888888888105888888888
0688888888884103688888888888752026888888888840006888888888105888888888
4888888888720278888888888888888510488888888882006888888888105888888888
7888888888303888888888888888888871058888888885006888888888105888888888
8888888886017888888888778888888884018888888887106888888888105888888888
8888888884028888888886127888888886017888888887106888888888105888888888
8888888884028888888885017888888886017888888887106888888888105888888888
8888888884028888888885017888888886007888888887106888888888105888888888
8888888884028888888885017888888886006888888887105888888888105888888888
8888888884028888888885017888888887006888888887216888888888105888888888
8888888884028888888885017888888887105888888888878888888887106888888888
8888888884028888888885005888888888501788888888888888888883038888888887
8888888884028888888885002888888888840168888888888888888720278888888884
8888888884028888888885000488888888886102678888888888863014888888888860
8888888884028888888885000048888888888852112456666543112478888888888610
8888888884028888888885000003888888888888764322222234578888888888885100
8888888884028888888885000000268888888888888888888888888888888888730000
