3333455555555555555555555555555555555555543333335555555555434555555555
3334555555555555554444444444555555555555554333335555555555434555555555
3355555555555544334445555444334555555555555433335555555555434555555555
3555555555554334555555555555554345555555555543335555555555434555555555
4555555555543455555555555555555533455555555554335555555555434555555555
5555555555434555555555555555555553345555555554335555555555434555555555
5555555555335555555555555555555554345555555555335555555555434555555555
5555555554345555555555345555555555335555555555335555555555434555555555
5555555554345555555555335555555555335555555555335555555555434555555555
5555555554345555555555335555555555335555555555335555555555434555555555
5555555554345555555555335555555555335555555555335555555555434555555555
5555555554345555555555335555555555335555555555435555555555434555555555
5555555554345555555555335555555555334555555555555555555555335555555555
5555555554345555555555334555555555433555555555555555555554345555555555
5555555554345555555555334555555555543355555555555555555543455555555554
5555555554345555555555333455555555555434555555555555554334555555555553
5555555554345555555555333345555555555554334445555444334455555555555533
5555555554345555555555333334555555555555554444444444455555555555554333
5555555554345555555555333333455555555555555555555555555555555555543333
