8888888888888887654322234567788777666677778877654333333332211000000000
3333456777777777665432334567777776666677788776654333222221111000000000
5555433345677777776543333456677777666677778887765433332222111000000000
8888765545567788877654445677777777666677777777654332222111111111111111
8888777776566777777665545567777777655677877777766544443333332222211110
7888877776555667777776544456677777655567777777665332222222221111111111
8888778776555677788876544567778877666677778887664321111111111000000000
7777788776656677888776555677888876666677888876654333333322222111000000
6778888776566778887765555677777776556777788877664433333222211110000000
7777887766566778888776556778888776666778888877654433333332222211111100
7778888766566777888776556777888776566778888877776666554433221110000000
6777777776666677887766555678888776666778888877665555443322211100000000
6777777776666678888888888888888777667778888877654444444444443332211100
6778888877666677888888888888887766677888888877666555555555544332211100
5556778877766556677777777888887766677788888877665443333333332211000000
4445677887776554456777778877766555667777777776544322222111111111100000
4345567888887765433345555544334456777888877765543322222111110000000000
4344567788888887765433333344566788888887776554443333332221110000000000
2223456778888888888888888888888888888776543221111111111100000000000000
