5678888888888888888888888878888888764210012567888887754467788888864210
7888888888776543211223456788888888887652102477888888754467888888765444
8888888876532344455555433566678888888863223567788888742468888888865434
8888888654545678888888887654457888888876433457888888753347888888876544
8888875346778877888888878753257888888886323688888887532578888888865456
8888743478888878888888888875335788888887534678888888644677777888875457
7788753578888888877788888888743578887788753478888888863368887778875457
8888765456788888875566788888876566788778876556788877876656788778887667
6678888876666688888876666688888876656788888876656788888877655788888887
5578888888876557888888876557888888876657888888877545788888876556787778
4444578888877655678888888754678888888754578877888743688888888753578888
5434578888887643478888876665478888876555578888887656678888888765578888
3346778888765555688888887644678888887655678888888888888888887644678887
2456788888876545678888876544578887888644578888888888888777766545788877
3235778888877544578888877742357888888776555678888888888888865567788888
4334567888877544578888887652346788888887654456788888888875444467888887
4455777888876545677888887542113577888888776433455556655322346777888888
3234567788877655556777788653211245678888888777642221122345778777888877
0013467888887665467888888753100012477888888788888888888888888888888876
