0000378888888888888888888888888888888888510000005888888887105888888888
0005888888888888753221112234678888888888873000005888888887105888888888
0168888888888741012455655432112588888888888400005888888887105888888888
0688888888874003678888888888752026888888888830005888888887105888888888
4888888888720278888888888888888500488888888820005888888887105888888888
7888888888203888888888888888888861036788876200005888888887104888888888
8888888885017888888888778888888884000122210000005888888887104888888888
8888888884018888888886127888888886000000000000005888888887105888888888
8888888884028888888885017888888886000000000000005888888887104888888888
8888888884028888888885017888888886000000000000005888888887104888888888
8888888884028888888885017888888886000000000000005888888887104888888888
8888888884028888888885017888888886000000000000116888888887104888888888
8888888884028888888885017888888887100000000003778888888887006888888888
8888888884028888888885005888888888400000036778888888888882028888888887
8888888884028888888885002888888888840000388888888888888720278888888884
8888888884028888888885000488888888885100168888888888763004888888888860
8888888884028888888885000048888888888752002455665543101478888888888610
8888888884018888888885000003788888888888754321111223578888888888885000
8888888884018888888885000000168888888888888888778888888888888888620000
