8888888888888777665566667777777777876411477777777774000123344444444444
8888888887766555666677777777777777888873026777777777300000012334444444
8888877665556666666666777777777777888888511677777777610000000001112222
8877655566666666666666666677777777888888873277777777730000000000000000
7766666666666666666666666666666778888888887667777777740000000000000000
7776666666666666555555555555566678888888887876677777730000000000000000
7666666665555555555544444444455677788888888886666777610000000000000000
6555555555555554444433333333446777778888888887666677300000000000000000
5555555555444443333333222223467777778888888886666762000000000000000000
5555544444433333222222221224677777788888888875665310000000000000000000
5444444333322222222211111146777777888888888733321000000000000000000011
4433333222222211111111102578777778888888886100000000000000000000111111
3332222222111111111110037888777788888888861000000000000000011111111122
2222221111111111110000378888877788887777721111111111111111111122222233
1111111111111100000000688888887888777777632221111111111222222233334444
1111111110000000000001788888887887777777644333322222223333344444455555
1111100000000000000001788888888778777777766554444444444555555555556666
1000000000000000000000688888888767877777777666666666666666666666666666
0000000000000000000000388888888874777777777777776666666666666666666666
