0000378888888888888888888888888888888888520000006888888887205888888888
0015888888888888754322222234678888888888873001006888888887205888888888
0168888888888742113455665532113688888888888401106888888887205888888888
1688888888884103678888888888752026888888888840106888888887205888888888
4888888888720278888888888888888510488888888882006888888887205888888888
7888888888303888888888888888888861058888888885006888888887205888888888
8888888886017888888888778888888884027888888887106888888887205888888888
8888888884028888888886127888888886017888888887106888888887205888888888
8888888884028888888885017888888886017888888887106888888887205888888888
8888888884028888888885017888888886016888888887106888888887205888888888
8888888884028888888885017888888886116888888887105888888887205888888888
8888888884028888888885017888888886106888888887216888888887205888888888
8888888884028888888885017888888887105888888888778888888887106888888888
8888888884028888888885005888888888501788888888888888888883038888888887
8888888884028888888885002888888888840168888888888888888720278888888884
8888888884028888888885010488888888885202578888888888863114888888888861
8888888884028888888885011048888888888752112456666543112478888888888610
8888888884028888888885011003788888888888764322222234578888888888885101
8888888884028888888885011110268888888888888888778888888888888888730011
