8888888887568888888887566666520000000000000000000000000000000000146666
8888888887568888888887556663000000000000123445555443210000000000002566
8888888887568888888887556630000000000024554332222234555310000000000156
8888888887568888888887556300000000001564210000000000013653000000000025
8888888887568888888887564000000000036520000000000000000146410000000003
8888888887568888888887562000000000265100000000000000000004640000000000
8888888887568888888887551000000000563000000000010000000001562000000000
6888888874568888888887551000000001561000000000452000000000563000000000
0356766412668888888887551000000001561000000001562000000000563000000000
0000000002668888888887551000000001561000000001562000000000563000000000
0000000002668888888887550000000001561000000001562000000000563000000000
0000000002668888888887651000000001651000000000562000000000563000000000
0000000002667888888888777652000002650000000001562145666530463024555420
1000000000466888888888888888400015630000000002664788888885563588888885
3000000000046678888888888888600256300000000004657888888888656888888888
6200000000003567788888888886224652000000000036557888888888657888888888
6510000000000134567777777765554200000000000366557888888888657888888888
5652000000000000123445566433210000000000003665557888888888657888888888
5566410000000000000000014630000000000000256555557888888888657888888888
