5688888888877778888888888888888888877423444444444311111467667666642477
7888888888776666555555566788888888888763344444444421113577766667533778
8888888887544555666666654334788888888876544444444431125677766676426778
8888888852256777777777765544456888888876754444444441145677666765347788
8888887413677777777776556777754688888876774444444441256766666754377788
8888873147777777777765678777874478888876785444444441356666677643677888
8888742477777777776556788888885468888766785444444432567666667545777888
8887424677777777653258888888885468877677885444444433566666676446778888
8874246777777776532368888888885467766778885444444425676667675457778888
8753457777777765322468888888885257777887885444444245666666664467788888
7544567777777654224568888888883037777777775444443356766666754577888888
5445577777776543235558888888775247777777776444433567776667644677888888
4555677777775542245557888887777546877777777655445677776667535778888888
6655777777755532255556888877778754677777777766556777776676437778888887
6556777777655422355544688877788875467777766655667777767654367788888886
6557777776555322355544468877788888755676655566777777766545677888888865
5567777765554222355444446877778888887666666677777766665677778888888655
5567777655553222245444444577777888888887776666666666777777788888886555
5677765555542222234444444456777788888888888877777888877778888888755553
