2222467777777777777777777777777777777777632222226777777777325777777777
2225777777777777654333333345677777777777774222226777777777325777777777
2268777777777753223456665543223677777777777522226777777777325777777777
2687777777775224677777777777753236777777777742226777777777325777777777
4877777777731367777777777777777522577777777773226777777777325777777777
7777777777314777777777777777777762257777777775226777777777315777777777
7777777776227777777777777777777775137777777776226777777777315777777777
7777777775137777777776237777777776226777777777226777777777315777777777
7777777775137777777775127777777776226777777777226777777777315777777777
7777777775137777777775127777777776226777777777226777777777315777777777
7777777775137777777775127777777776226777777777216777777777315777777777
7777777775137777777775127777777776226777777777326777777777315777777777
7777777775137777777775227777777777215777777777777777777776226777777777
7777777775137777777775225777777777512777777777777777777773137777777777
7777777775137777777775223777777777741267777777777777777631377777777774
7777777775137777777775222477777777776323677777777777764225777777777762
7777777775137777777775222257777777777753223456666543223577777777777622
7777777775137777777775222224777777777777764433333334567777777777775222
7777777775137777777775222222367777777777777777777777777777777777632222
