5556410000000000000000000000000000000000256555557888888888657888888888
5652000000000000123444544443210000000000003655557888888888657888888888
5510000000000134554322222234554200000000000365557888888888657888888888
5100000000003553100000000000124641000000000036557888888888657888888888
3000000000146410000000000000000256300000000004557888888888657888888888
0000000000464000000000000000000015620000000002657888888888657888888888
0000000002651000000000100000000002650000000001557888888888657888888888
0000000003640000000002540000000001551000000001557888888888656888888888
0000000003640000000002651000000001551000000001557888888888653578888873
0000000003640000000002651000000001551000000001557888888888662013444210
0000000003640000000002650000000001551000000000557888888888662000000000
0012321003640023332102650000000001551000000111567888888888662000000000
2678887633642678888732651000000000562000036777778888888887561000000000
7888888885557888888885562000000000265100588888888888888886640000000001
8888888887568888888887564000000000036520688888888888888766400000000003
8888888886568888888887556300000000002564368888888888876653000000000025
8888888886568888888887555530000000000024556777777776654210000000000155
8888888886568888888887555563000000000000123356654443210000000000002555
8888888886568888888887555556420000000000001564100000000000000000146555
