2222344444433333333332222333322222222222210111102322222222102322222222
2223443333333332221111111112223322222222321011102322222222102322222222
2234444333333221111122222211111223222222223201102322222222102322222222
2343333333332112333333333333221012322222222310102322222222102322222222
4544444444422233333333332222233210232222222321002322222222102322222222
4444444444212333333333333332222321023222222232002322222222102322222222
4433333333113333333333333322222232012222222232102322222222102322222222
4444444443123333332232112322222232112222222222102322222222102322222222
3333333332113332222232012222232232112322222222102322222222102322222222
4444444343123333333332012222222232112322222222102322222222102322222222
5555554443123333332232012222222232112222222222102322222222102322222222
4444443332113332222232012222222232112322222222112322222222102322222222
4444433332113333333332012222222232102322222222222222222232102322222222
5555554443223333333332102322222223201232222222232222222221012222222232
5444444443123333333332001232222223310123322222222222223210122222222231
4444433332123333333332010132222223332101223333333333221112232222222321
4433333332113322222232011123323333223221111122222221111223222222223210
4444443332113333222232011101232232222233221111111111222322222222332111
3333333332012222222232011110123222222222233332222233332222222222210111
