6555666666677666555444444444333222222222110111101222222222101222222222
4445666777777766543332222222222222222222221011111222222222101222222222
4455556677777765544443333322111222222222222111111222222222101222222222
4555566667776555554443333333322222333332222210101222222222101222222222
5666666667665565555544444444444322233222222221001222222222101222222222
5566666666544554444444444433333332223333332222101222222222101222222222
5566677776556665544333322233333332112222222222101222222222101222222222
6666677777666665554444334433333332112222222222101222222222101222222222
5555666776666665554443223333222222112222222222101222222222101222222222
6666777787678777665543223333333333212222222222101222222222101222222222
6666777777667776666665445544433332112222222222101222222222101222222222
6666777777667777666554334433332222111222222222111222222222101222222222
7777777777667765554444334433333222112222222222222222222221101222222222
6777778887667766655565445555444433211222222222222222222221012222222222
6667777777667777665554333444433333321122222222222222222210122222222221
4445667777667766544433222233333332222111222222222222211111222222222211
4456677777667665544333222122222222222211111111111111111122222222222110
6777888887666655554443222222333222222222211111111111112222222222221101
8888888776444433333332111111112222222222222222222222222222222222110111
