0000000000000011111111111223456778888888888888888888888888888776543222
0000000000111222333333444556777888888877654433333345677888888877654434
0000000000011112222233455677788887776544334455555433345677888887655434
0000011111111112222234456777787777665556677788777776544556777887765444
0000011122333333333445667788888877766677888887777777766556677788776555
0011122334445555555555667788888887766677888888888888887766667788888776
0011122333444444444444567788888777667778888888888888888766666777777776
0000000011122233445556667788887776666778887765556677887766666777777776
0000000111223344556666777788888776656778887776556778887776656678888777
0011111122222333333344567788888776666778888776556778888776656677888777
0000000111122223333344667788877776556777777765555677888776656778888776
0000001112222233333334567788887776666788887765556778887766666778877777
0000000001111111111234667888777766667788777654456778887765556778778888
1111111111222222222335667777777655567777766544456777777665556777788887
0111122222333333444456677777787765567777777655445667777776656777778888
1111111111111112222334567777777766667777777765444567788877655455678888
0000000001112222233345677888777766667777766543333456777777765433345555
0000000001111222223334566778877766666777777654332335667777777776543333
0000000001122333333334567788777776667778877654322234567888888888888888
