3367777777778876544555555543334678777777777743444458887788885468888887
3677777788887545678888888888764335777777777775444368887778885468888877
6777788888864578888888888888888742367777777777444468887778885468888877
7778888888645888888888888888888886336777777778644478888777874478888777
7788888887447888888888888888888888644777777777854478888877874478888877
7888888885468877777777446888888888854677777777853478888877774478888877
8888888885467777888886336778888888844687777777753478888887764588888887
8888888873378888888885468877788888644788877777753588888888754588888888
8888888852488888888874478888777888546888887777743688888888743688888888
8888888833688888888864588888887786447888888877744788888888744688888888
8888888734788888888754688888888863468888888888644788888887744788888888
8888888634788888887733788888888863378888888888435888888878644788888887
8888888534888888887633788888888854687778888886347888888888645888888877
8888888535888888887533778888888854688877777875468888888888546888888777
8888888425888888887533677788888864588888888888888888888887447888877777
8888888425888888887433587777888875468888888888888888888874468887777777
8888888326888888887433368777778887545788888888888888888644688777777776
8888887336888888887433337877777778864456788888888888764457877777777763
8888887337888888887433333677777777787654455666666554445777777777777633
