2222478888888888888888888888888888888888632222226888888888325888888888
2225888888888888765433333345678888888888874222226888888888315888888888
2268888888888753234556666543224688888888888522226888888888315888888888
2688888888885224688888888888763136888888888842226888888888315888888888
5888888888731378888888888888888622588888888883226888888888315888888888
7888888888314888888888888888888872168888888885226888888888315888888888
8888888886227888888888778888888885138888888887226888888888315888888888
8888888885138888888886237888888886227888888887226888888887315888888888
8888888885138888888886127888888886227888888887226888888887315888888888
8888888885138888888886127888888886227888888887226888888887315888888888
8888888885138888888886127888888887227888888887216888888887315888888888
8888888885138888888886127888888887227888888887326888888888315888888888
8888888885138888888886127888888887215888888888878888888887226888888888
8888888885138888888886116888888888512788888888888888888883148888888887
8888888885138888888886113888888888841268888888888888888731378888888884
8888888885138888888886121588888888886313678888888888864225888888888862
8888888885138888888886122158888888888863223456666554223578888888888621
8888888885138888888886122214788888888888765433333334678888888888885212
8888888885138888888886122221368888888888888888888888888888888888731222
