0000000003887777777777888888620000000000000000000000000000000000158888
0000000003877777777777888885100000000000124566666654310000000000003788
0000000003877777777777778840000000000025776533223345776410000000000278
0000000003877777777777778400000000002686310000000000025874000000000027
0000000003877777777777786000000000048730000000000000000168610000000004
0000000003877777777777883000000000387100000000000000000005850000000001
0000000003877877777787871000000000683000000000110000000001782000000000
0000000003864788888864871000000001782000000001672000000000684000000000
0000000003860135555302871000000001782000000001783000000000684000000000
0000000003860000000002871000000001782000000001783000000000684000000000
0000000003860000000003871000000002882000000001783000000000684000000000
0000000003860000000002761000000002881000000001783000000000684000000000
0000000002871000000000100000000003871000000001783000000000684000000000
1000000000585000000000000000000017830000000003883000000000684000000000
4000000000168610000000000000000278400000000006883000000000684000000000
8200000000004785200000000000136872000000000048783000000000684000000000
8720000000000146775432222346776300000000000488883000000000684000000000
8873000000000000134666666654210000000000015888883000000000684000000000
8888510000000000000000000000000000000000268888883000000000684000000000
