3333578888888888888888888888888888888888643333336888888888436888888888
3336888888888888765544444456788888888888885333336888888888436888888888
3478888888888764345566666654335688888888888633336888888888436888888888
3788888888886335788888888888764347888888888853336888888888436888888888
5888888888743478888888888888888633688888888884336888888888436888888888
7888888888435888888888888888888873368888888886336888888888436888888888
8888888886337888888888788888888886348888888887336888888888436888888888
8888888886348888888887348888888887337888888887436888888888436888888888
8888888886348888888886347888888887337888888887436888888888436888888888
8888888886348888888886347888888887337888888887436888888888436888888888
8888888886348888888886347888888887337888888887436888888888436888888888
8888888886348888888886347888888887337888888888447888888888436888888888
8888888886348888888886337888888887436888888888878888888887337888888888
8888888886348888888886336888888888634788888888888888888885358888888887
8888888886348888888886334888888888853478888888888888888743478888888885
8888888886348888888886333588888888886434678888888888875336888888888863
8888888886348888888886333368888888888864334566776655434678888888888733
8888888886348888888886333335888888888888765544444445678888888888886333
8888888886348888888886333333468888888888888888888888888888888888743333
