7777532222222222222222222222222222222222367777773222222222674222222222
7774222222222212234566666654322222222222125777773222222222674222222222
7631222222221246765443333456675322222222222477773222222222674122222222
7312222222224775322222222222236763222222222147773222222222674222222222
4122222222257521222222222222222367422222222226773222222222674222222222
2222222222575222222222222222222126742222222224773222222222674222222222
2222222223762222222222222222222214762222222222673222222222674222222222
2222222214762222222223662222222223762222222222673222222222674222222222
2222222214762222222223762222222223772222222222673222222222674222222222
2222222214762222222223762222222223773222222222673222222222674222222222
2222222214762222222223762222222223773222222222673222222222674222222222
2222222214762222222223762222222223773222222222563222222222674222222222
2222222224762222222223762222222222674122222222222222222222673222222222
2222222224762222222223773222222222476222222222222222222225752222222222
2222222214762222222223776222222222247632222222222222221257522222222214
2222222214762222222223777412222222223675322222222211235774222222222137
2222222214762222222223777741222222222235765443333445676421222222221367
2222222214762222222223777775222222222222234566666655422122222222224777
2222222214762222222223777777632222222222221222222221222222222222257777
