0000278888888888888888888888888888888888610000005888888888104888888888
0015888888888888653211111224578888888888873000016888888887104888888888
0068888888888741013456665542002588888888888400005888888888104888888778
0588888888884003678888888888752015888888888840005888888888104878888888
3777888888720278888888888888888610488888888881005888888888104888888888
7888888888202888888888888888888871048888888885005888888887104888888888
8888788886006888888888788888888885017888888887005888888888104888888888
8888788884017888888886027888888886007888888887105888888888104888888888
7888888884017888888886007888888886007888888887005888878888104888878887
7888788884028888888885017888888887006888888887005888888887105888777888
8888888885017888888886017888888887006888888887005888888888115888878887
8888788885017888888886017888888887006888888887106888888888104888888887
8888788884017888888886007888888888104888888888778888888887105888878888
8888888885017888888886005888888888500688888888888888888883028888888887
8888888885017888888886001788888888840058888888888888888720278888888785
8888888873017888888886000388888888886202678888888888763015888888888850
8888888883016888888886000048888888888853112355665543102478888888888710
8888888885027888888886000014788888888888754321111234578888888888885212
8888888885237888888886000000368888888888888888888888888888888888620000
