7778510000000000000000000000000000000000268777777888888888783000000000
7873000000000000134566666654210000000000005877777888888888783000000000
7720000000000136775432223346775200000000000477777888888888783000000000
7200000000004775200000000000136862000000000048777888888888783000000000
4000000000168510000000000000000278300000000006777888888888783000000000
1000000000585000000000000000000017830000000003877888888888783000000000
0000000002871000000000100000000003860000000001777888888888783000000000
0000000004860000000002761000000002871000000001778888888888783000000000
0000000004860000000003871000000002771000000001777888888888783000000000
0000000004860000000003871000000002771000000001774788888884683000000000
0000000004860000000003871000000002771000000001782035665420683000000000
0000000004860000000003871000000001772000000000672000000000683000000000
0000000004860000000003871000000001783000000000010000000001782000000000
0000000004860000000003883000000000387100000000000000000005850000000001
0000000004860000000003886000000000048720000000000000000168510000000004
0000000004860000000003878400000000002685210000000000025774000000000027
0000000004860000000003877830000000000036776432222345676310000000000278
0000000004860000000003877784000000000000124566666654310000000000003787
0000000004860000000003877778620000000000000000000000000000000000158777
