8888888887568888888887555556520000000000000000000000000000000000146555
8888888887568888888887555563000000000000123444454443210000000000002565
8888888887568888888887555630000000000024554322222234554310000000000155
8888888887568888888887556300000000001464210000000000013553000000000025
8888888887568888888887554000000000036520000000000000000146410000000003
8888888887568888888887562000000000265100000000000000000004640000000000
8888888887568888888887551000000000562000000000010000000001562000000000
8888888886568888888887551000000001551000000000452000000000463000000000
3788888753568888888887551000000001551000000001562000000000463000000000
0124443102668888888887551000000001551000000001562000000000463000000000
0000000002668888888887550000000001551000000001562000000000463000000000
0000000002668888888887651110000001551000000000562012333100463001232100
0000000001657888888888777776300002650000000001562378888762463367888762
1000000000466888888888888888840015620000000002655888888887555888888887
3000000000046678888888888888860256300000000004657888888888657888888888
5200000000003566788888888888634652000000000036557888888888656888888888
5510000000000124566777777776554200000000000355557888888888656888888888
5552000000000000123444566533210000000000003655557888888888656888888888
5556410000000000000000014651000000000000246555557888888888656888888888
