4445678888888888888776555666554321135777777777773000000000000000000000
4678888888888888766566677778888877531147777777777300000000000000000000
7888888888888776556677777777777788887422677777777710000000000000000000
8888888888876556677777777777777888888876566777777740000000000000000000
8888888877655667777777777777778888888888876667777740000000000000000000
8888887655666766666666666666777888888888888666666730000000000000000001
8888765566666666666666666666667778888888888766666510000000000000000111
8876556666666666666655555545567777788888888865665100000000000000011111
7666666666666666555544443334567777788888888865531000000000000011111222
7776666666665555544443333334567777788888888721100000000000011111222233
7766666655555554443333222234577777888888888400000000000011111122233344
7666555555554444333222222124677777888888887100000001111111222333344555
6555555555444333322222111136777777888888885111111111112222333445555566
5555555444433332222111110168777777888887785222222222233334455556666666
5555444443332222211111100587887777888877777543333344445555666666666666
5544444332222221111110001687888877887777777766555566666666666666777777
4444333222221111111000000687888887778777777777777777777777777777777766
4333322211111111000000000487888888876787777777777777777777777777665556
3332221111111100000000000178888888885367777777777777777777776665556677
