8888888885017888888885000000000000000015788888888888888888888888730000
8888888885017888888885000000000000000000123322112233578888888888885000
8888888885017888888885000000000000000000000345565542102478888888888610
8888888885017888888885000000000000000000004888888888763004788888888860
8888888885017888888885000000000000000135667777888888888720278888888884
8888888885017888888885000000000000001688888877788888888883028888888887
8888888885017888888885000000000000004888888888778888888887105888888888
8888888885017888888885000000000000006888888887216888888888204888888888
8888888885017888888885000000000000006888888887105888888888204888888888
8888888885017888888885000000000000006888888887105888888888204888888888
8888888885017888888885000001110000006888888887105888888888204888888888
8888888885017888888886123367777510006888888887105888888888204888888888
8888888886017888888888778888888861017888888887105888888888204888888888
7888888888303888888888888888888871048888888885005888888888204888888888
4888888888720278888888888888888610488888888882005888888888204888888888
0688888888884103678888888888752015888888888840005888888888204888888888
0168888888888741013455665542102578888888888400005888888888204888888888
0005888888888888753221111234578888888888873000005888888888204888888888
0000378888888888888888778888888888888888610000005888888888204888888888
