4678888888888888888888888888888888876421001247888888775566778888775420
6788888777877643221122246778888888876543112346787777665556678887765432
7888888777653223456655554334677888888776311245778888876555678888777654
7888888765444578888888887654456788888887643356788888775456778888765434
8888887765578888888888888776556678888887643467788888764456788888776422
7888775456677788888888888888764578888887755567788888765556788888876532
8887654678888888788888888887655678888887644678888887655556778887765334
8877556788888887665678888887556678888886457667888887435678888887543456
8887536888888887634788877887545788888887645788888887655678887887544444
7778765567888888755677888888865667887888875578888888765568888888876556
8778888644688878888744688888888754678888887655678888887655678888887666
7888778886556788778876556788778887655788888886655788888887544678888876
5788877888643578888888743578878888754478888888877788888888753578877888
5788887777765468888888764457888888875335788888888888888888753478888888
5688888878752257888888874236788888888632478888888888888776435688888887
5788888887632478888888753235788888888753467788888888876554457888888876
4467888888875336888888776532257888888877665544455555443224678888888887
4456788888886445778888887521024667888888888765432211224567788888888887
0125788888877544578888887642000124678888888788888888888888888888888765
