4444444444420001123344555443321000000000111222344455556666666777778888
4444444443112456777777777777776542000000111223344555566666666777777888
4444444422567777777777777777766666530001112222344555666666667777777788
4444444567877777777777777776666666665100111223345455566666677777777778
4444467777777777777777777667777777777753212233444555666677777777777778
4445787777777777765432222577777777777787754444455566666667777777777777
4467777777777764212345556777777777777777777655556666666777787777777775
4687777777776312467888888777777777777777777777666666677777887777777854
5877777777740257887777887777777777887777777777777777777777887777778644
7777777777403787777777887777777777887777777777777777777777887777787444
7777777775347777777777877778877777887777777777777777767777887777874444
7777777763577777777777654444678877887777777777777666677777887778744444
7777777744787777777765543322125788887777777777776567777777887776444444
7777777535777777777665433222110147887777777777887877777777888754444444
7777777336777777776655433221110001478877777778887777777778864444444444
8777776347777777776655333221111100014788777778887777778876313444444444
8877775367777777766554332221110000000136788888888888776310034444444444
8887774477777777766554332221110000000000124556665543210000244444444441
8888764577777777666554332221110000000000000000000000000002444444444430
