6666410000000000000000000000000000000000256666667888888888667888888888
6662000000000000123455555543210000000000004666667888888888667888888888
6610000000000135654322222345664200000000000366667888888888667888888888
6200000000003664100000000000125652000000000036667888888888667888888888
3000000000146410000000000000000266300000000005667888888888667888888888
0000000000464000000000000000000016620000000002667888888888664788888886
0000000002661000000000100000000003650000000001667888888888662156777641
0000000003650000000002650000000002661000000001567888888888663000111000
0000000003650000000002661000000001661000000001567888888888663000000000
0000000003650000000002651000000001661000000001667888888888663000000000
0000000003650000000002651000000001661000000001667888888888663000000000
0000000003650000000002650000000001661000000000567888888888663000000000
0000000003650000000002661000000000562000000003688888888887662000000000
0000000003650023332102662000000000365100000048888888888886640000000001
0356665303652688888732665000000000036520000048888888888766400000000003
5888888864667888888886666300000000002564210004788888877663000000000026
8888888887668888888887666630000000000025664332245677665310000000000266
8888888887668888888887666664000000000000123455555443210000000000002666
8888888887668888888887666666520000000000000001110000000000000000146666
