2222222222222221111100000112222222223455555555564478888887860000000001
2222222222222222221111223344444433322245555555564478888887860000000000
2222222222222222234567777777777777766556655555664478888888860000000000
2222222222222235677777777777777777777777766665653478888888850000000000
2222211111123677777777777777777777777777777666643588888888830000000000
2222222210257777777777777776677777777777777766633788888888720000000000
2222222225777777777777654333344455677777777766425888888888501100000000
2222222268877777777755435555666655444556777653358888888887211110000000
1112222687777777776556545666777777776421233334688888888884111111110000
0000015877777777755666654566777777777876555567888888888852211111111100
0000037777777777556666654466777777777778888887778888887422221111111111
0000167777777776566666665456667777777777777777778888863222222222111111
0000477777777766555555566422333467777777777777888876422332222222221111
0001677777777656665555555410233223456777888888776532233332222222222221
0003777777777555555555555540133333222333455554443333333222222222222222
0005777777777555455555555553013333333320134333444444332222222222222222
0016777777777644445555555555412333333332013444444433333333333222222222
0017777777777644444555555555544322333333200234444444444444443333333333
0026777777776644443355555555555554333333321012344444444444444444444433
