4444444442000000000000000000000001111223344556666667777888888887444444
4444444441000000000000000000000001111223344556666677777888888887444444
4444444430000000000001111111000000111223344556666677777888888887444444
4444444410000000123556666666543210011223445556666777778888888887444444
4444444300000135777777777766667765555555555666667777778888888886444444
4444444100025777777777777677777788888877777777777777778888888886444444
4444443002677777777777777777777777777777777777777777678888888874444444
4444442047777777777777667777777777777777777777777776788888888864444444
4444442587777777777531167777777777787777777777777656888888888744444444
4444446877777777741125788888888888888888887777777678888888887244444444
4444468777777776203688888888888888888888888888878888888888872044444444
4444587777777761058878888888888888888888888888888888888888610144444444
4444787777777720587788888888877888888888888888888888888874000144444444
4445777777778502887888888765443334566788888888888888886410000144444444
4445877777778514877877777654332211101123466778887765420000000034444444
4445878888778535877777777655332221110000001122222100000000000034444444
4445888888777535877777777655433221111100000000000000000000000034444444
4445788788888635777777777665433222111110000000000000000000000024444444
4444788888888634777777777665543322211111000000000000000000000014444444
