3333210000000000000000000000000000000000133333336888888887436888888888
3331000000000000112233333222100000000000002333336888888887436888888888
3311222100000023332211111122332100000000000233336888888887436888888888
3467888751002332100000000000013331000000000023336888888887436888888888
5888888886123200000000000000000133200000000003336888888887436888888888
7888888887332246765100000000000013310000000001336888888887436888888888
8888888886335788888731000000000002330000000001336888888887436888888888
8888888886348888888886330000000001331000000000336888888887436888888888
8888888885348888888886330000000001331000000000336888888887436888888888
8888888885348888888886330000000001330145665410336888888887436888888888
8888888885348888888886330000000001333788888884336888888887436888888888
8888888885348888888886330000000001337888888888437888888887436888888888
8888888885348888888886331000000000336888888888778888888887336888888888
8888888885348888888886331002456653234788888888888888888884348888888887
8888888885348888888886333048888888753368888888888888888743478888888885
8888888885348888888886333278888888886434678888888888875332788888888863
8888888885348888888886333358888888888764334566676665432100688888888633
8888888885348888888886333335788888888888765444432222110000157888775333
8888888885348888888886333333468888888888888885100000000000001232233333
