2222366666666666677766666777766666666666522222225766666666225766666666
2225776666666676654333333334567766666666764222225766666666225766666666
2257666666667643223455555443223567666666667422225766666666225766666666
2576666666664224567777777776653235766666666742225766666666225766666666
4766666666631367766666666666676522476666666663225766666666225766666666
6666666666313676666666666666666762257666666675225766666666225766666666
6666666675226766666666666666666674136666666666225766666666225766666666
6666666674136666666675236666666675226666666666225766666666225766666666
6666666674136666666675126666666675226666666666225766666666225766666666
6666666674136666666675226666666675226666666666225766666666225766666666
6666666674136666666675226666666676226766666666225766666666214766666666
6666666674136666666675226666666666226766666666325766666666215766666666
6666666674136666666675226666666666225766666666666666666676225766666666
6666666674136666666675225766666667412676666666666666666763136666666666
6666666674136666666675223666666666641257766666666666677631366666666674
6666666674136666666675222476666666675223567777777777654224666666666752
6666666674136666666675222247666666667653223455555543223467666666667522
6666666674136666666675222224676666666677654333333334566766666666775222
6666666674136666666675222222356666666666677766666677766666666666632222
