1111378888888888888888888888888888888888620111116888888888205888888888
1115888888888888754322222335688888888888884111116888888888205888888888
1168888888888752123456666542113688888888888511116888888888205888888888
1688888888885114688888888888752026888888888840116888888888205888888888
4888888888730378888888888888888610588888888882116888888888205888888888
8888888888303888888888888888888871058888888885116888888888205888888888
8888888886017888888888788888888885028888888887106888888888205888888888
8888888885028888888886128888888886117888888887106888888888205888888888
8888888885028888888885017888888886117888888887106888888888205888888888
8888888885028888888885017888888886117888888887106888888888205888888888
8888888885028888888885027888888887117888888887106888888888205888888888
8888888885028888888885027888888887117888888888316888888888205888888888
8888888885028888888885017888888887205888888888878888888887116888888888
8888888885028888888885115888888888502788888888888888888883038888888887
8888888885028888888885112888888888840168888888888888888730378888888884
8888888885028888888885110488888888886203678888888888864115888888888861
8888888885028888888885111158888888888853113456666543212578888888888611
8888888885028888888885011114888888888888764322222234578888888888885111
8888888885028888888885011110268888888888888888888888888888888888730111
