4100246778888888888888888888888777788887752100012478888887653467788887
2113567788887778765332111223567788888887765420123567877776544566788877
3224677888887765321235666555443356778888887642112467788787754456788877
4335678888876544445778888888875433577888888765323567888877644567788876
4456788888776556888888888888776655567888887753236778888875445677888876
6677778876445677778888888888888765457887788765456778888875445678888887
7777887654567888888788888888887655578888887644567888887655555678887665
7788876556788888886555678888876555677888876456667888886335678888876533
8888875357888888885347888778875347888888885347888878876445778878875433
7778886545788778886346888888887545788778887436888888887546788878887656
8778887424888778888435888888888524788888877535888888887535888877876557
8877888644688777888645688878888743578888888644588888888732578888887657
8877887633588888888744578888888753478877888887788888887743578877788888
8888877654578888888753468888888764336888888888888877787633578887777777
8888887742368888888752247888888887423577788888888887775335788888876567
8888887533578888888643235788888887643456778888888876444457888888876456
7888888865336788888776432247888888877655434455555443223577888888887632
6788888876445778888887531024567888888888765532211233566778877888887632
4678888887654567888888753100024577888888788888888888888888888888876410
