0256788888888888888888888888888888887653100014678888887644567888888753
2478888887788776643211223456788888888877653101467888887764457888888876
3468888888887653224445555544455667888888886422356778888875346788888877
6556788888887544456788888888776544567888888865323578888888753467888888
7666788888875346777888888888877753357888888887423678888888632578888888
7777777888753468887888888888888885334688888887643578888888754567888888
8888877788753578888888877888887888743578888888754578888888853467887788
7667888888752378888888864468888888753478888788865468887778864468887788
8656788788886347888888886347788888885347888888886347888778886247888778
6567888888887446788888887546888878886447888888887535788878886446788777
4335678878876545788878888634788888888644688878887534788888888634788888
4345788888765435788888766655788888765555788888875556788888887656788877
4567888776555567888887765457888888765557888888888887888888765567888777
6788888776545688888876555678877887644678888888888888777766545788877776
6788888776544678888876533567888887765556778888888888887556777888887654
6788887654457788888764334677888888764345678888888876544446788888875434
7788876644567888887653112467888888877533345556665422234677788888775323
7788877655556777778754310235677888888877753221112334678877888887764212
7888887654567888888763100012477888887778888888888888888888888876531013
