1111378888888888888887410000000000000000111111116888888887215888888888
1115888888888888754321111111000000000000001111116888888887215888888888
1268888888888752123456653111111000000000000111116888888887215888888888
1688888888874114678888888300011110000000000011116888888887215888888888
4888888888730378888888885100000111100000000001116888888887215888888888
7888888888303888888888830000000001110000000001116888888887215888888888
8888888886117888888888720012332101110000000000116888888887215888888888
8888888885128888888886211578888741110000000000116888888887215888888888
8888888885128888888885116888888885110000000000116888888887215888888888
8888888885128888888885127888888886110000100000116888888887215888888888
8888888885128888888885127888888886110256776410115888888887215888888888
8888888885128888888885127888888886113888888875326888888887215888888888
8888888885128888888885117888888887215888888888778888888887116888888888
8888888885128888888885115888888888512788888888888888888883038888888887
8888888884128888888885112888888888841268888888888888888730378888888884
8888888885128888888885111488888888886213678888888888764115888888888861
8888888884128888888885111158888888888753123456666543212578888888888611
8888888884128888888885111114788888888888764322222234578888888888885111
8888888885028888888885111111268888888888888888778888888888888888731111
