8888888600788888888888874000000000000000000000000000000000004788888710
8888888600788888888888620000000000002356666666532000000000000168888710
8888888600788888888886100000000002577654322234567741000000000006888710
8888888600788888888861000000000158741000000000001478510000000000688710
8888888600788888888820000000002784000000000000000004872000000000288710
8888888600788888888600000000017830000000000000000000387100000000058710
8888888600788888888500000000058600000000001000000000068400000000038710
8888888600788888888500000000068400000000048400000000048600000000028710
8888888600788888888500000000068400000000058500000000048600000000028710
8888888600688888888500000000068400000000058500000000048600000000028710
8888888600788888888500000000068400000000058500000000048600000000038710
8888888600788888888500000000068400000000058500000000038600000000027600
8888888501788888888500000000068400000000058600000000028710000000001000
8888887105888888888500000000068400000000058710000000006850000000000000
8888851048888888888200000000068400000000058840000000001685100000000000
8875201688888888884000000000068400000000058872000000000047852000000000
4210258888888888840000000000068400000000058887200000000001467754322223
3457888888888887300000000000068400000000058888730000000000001346666666
8888888888888851000000000000068400000000058888885100000000000000000000
