7777510000000000000000000000000000000000267777777888888888774688888884
7773000000000000134566666553210000000000004777777888888888773035665420
7620000000000136765432222345775200000000000377777888888888773000000000
7200000000003774200000000000136762000000000047777888888888773000000000
4000000000158510000000000000000277300000000006777888888888773000000000
1000000000585000000000000000000016730000000003777888888888773000000000
0000000002771000000000100000000003760000000001777888888888773000000000
0000000003860000000002760000000002771000000001677888888888773000000000
0000000003760000000003771000000002771000000001677888888888773000000000
0000000003760000000003761000000002771000000001677888888888773000000000
0000000003760000000003761000000001771000000001777888888888773000000000
0000000003760000000003761000000001771000000000563788888884673000000000
0000000003760000000003771000000001673000000000010135666421772000000000
0000000003760000000003773000000000386100000000000000000005850000000001
0000000003760000000003776000000000047620000000000000000158510000000004
0000000003760000000003777400000000002675210000000000024773000000000027
0000000003760000000003777730000000000035765432222345676310000000000277
0000000003760001111003777774000000000000124566666654310000000000003777
0000000003761477877522777777620000000000000000000000000000000000157777
