0000378888888888888888888888888888888888510000005888888888104888888887
0015888888888888653221111234678888888888873000016888887887105888888887
0168888888888741013456665542112588888888887400006888888887105888888777
0588888888884103688888888888752015888888888840005888888887105888888887
3878888888720378888888888888888510488888888871006888888887105888888888
7888888888202888888888888888888871058888888885006888888887105888888888
8887788886007888888888788888888885017888888887005888888888104888888888
8888788884018888888886027888888886007888888887105888888887105888888887
7888888884028888888885017888888886017888888887006888888887105888888887
7888788884028888788885017888888887007888888887106888888887106888888888
8888788885017888788885017888888887006888888887106888888887106888888887
7888788885016888788886116888888887105888888887205888888888204888888887
8888788885017888888886006888888888204888888888778888888887105888878888
8888888885017888888886005888888888501688888888888888888883027888887888
8888888885017888888886001788888888850058888888888888888720278888888774
8888888884027888888886000388888888886202578888888888763015788888888860
8888888884017888888886000048888888888863112355665543102478888888888610
8888888885017888888886000004788888888888754322111234578888888888885111
8888888885127888888886100000268888888888888888888888888888888888730000
