1567888888888888888888888888888888876531000146788888876445678888887531
2788888887887766432112234567888888888776531014678888877644578888888754
2678888888876532344555555444556678888888864224567788888753467888888775
1567888888875445567888888887765445788888888653235788888886434678888888
3677888888753467788888888888787533578888888863246888888875325788888888
7887788887534688888888888888888753357888888875445788888886556677788888
8888777887535788888888778888888887435788888887535788888887634688877888
7568888887634688888888645678888887644678887888755578887788754578877788
8656788888886457888888886357788888885358888888886358888778885347888778
7556788888888645788888888645788877887555788888887654688877887545678777
7444567878887654578888888864578888888764578887888753478888888863478888
7434578888887643478888877665478888876555578888887655678888888765578887
7456788887655555788888876545788888887655688888888888888888876545778877
7678888887654467888887765456788778875457788888888888887776654467887777
7567888877654457888887764246788888876655677888888888888865567788888765
7567888776544677888877643346788888887644457888888888765444567888887653
7777888765545778888876431124678888887765334455566653222356778888887653
7677888776555567777877532112456778888888776532211223356787778888877532
7678888876555678888887531000125788888877888888888888888888888888764310
