7777510000000000000000000000000000000000267777777888888888773012332100
7773000000000000134566666654210000000000004777777888888888773000000000
7720000000000136765432223346775200000000000477777888888888773000000000
7200000000003774200000000000136862000000000047777888888888773000000000
4000000000158510000000000000000277300000000006777888888888773000000000
1000000000585000000000000000000017830000000003777888888888773000000000
0000000002871000000000100000000003860000000001777888888888773000000000
0000000003860000000002760000000002771000000001777888888888773000000000
0000000003860000000003871000000002771000000001777888888888783000000000
0000000003860000000003871000000002771000000001777888888888783000000000
0000000003860000000003871000000001771000000001774688888884683000000000
0000000003860000000003871000000001772000000000671035665420683000000000
0000000003860000000003871000000001683000000000000000000001772000000000
0000000003860000000003873000000000386100000000000000000005850000000001
0000000003860000000003776000000000048720000000000000000158510000000004
0000000003860000000003778400000000002685210000000000024773000000000027
0000000003860000000003777730000000000035775432222345676310000000000277
0000000003860000000003777774000000000000124566666654310000000000003777
0000000003860000000003877778620000000000000000000000000000000000157777
