1367888888888888888888888888888888887632100013688888887545677888887642
3678888887788764332111223577888888888765310123578877776554567888877643
5788888887765311245666555432357788888887641013568888887753467888877755
5788888887533446888888888875433578888888875213678888887643567888887643
6788888876546888888888888887764567788888875214778888887533577888887752
7777888753457787788888888888887534788878887533578888887644567888888765
7778887633688877888888888888887644678888888633578888888754456888887664
7778887645788878888654578888888644568888887545667888888533678888888643
7888888743688888888732688877788644688888888743688888888754467888888654
7887778875457887788864467888888875457887888875368888888875357888888887
7888778888524788778888524788888888623788888887634788888887634788888887
5578877788863478877888863478877788874368888888864468888888863268888888
4688877888863368888888874368887888874357888888888778888888774368887788
4688887778765468888888874357888888886324788888888888888888753468888888
4688888888752257888888873136888888888522578788888888888876435788888887
6788888887423578888887642136788888887632467888888888875334568888888875
5788888888522588888887641124788888888765542345565544432357788888888873
6788888887534688888888631014678888888888875532211234566788888888887522
6888888876435778888887521001246788888888888888888888888888888888753100
