1112222222222333333333444444455555666677777777776567777777777444444444
1111111111222222222233333333444455556667777777787645777777777644444444
1111111111111112222222222233333344555667777777778752577777777744444444
0000011111111111111111122222223334345556777778888861377777777754444444
0000000000011111111111111112222223334556777888888850377777777754444444
0000000000000000000000000111111222345567788888888820477777777744444444
0000000000000000000000122334445566777788888888888501677777777613444444
0000000000000000001256788888888888887788888888888305777777777401444444
0000000000000000147888888888887777777888888888877347777777776100344444
0000000000000003788888888888887777888888888888787677777777772000144444
0000000000000048888888888888888888888888888888876677777777720000024444
0000000000000388888888888888888888888888888887666677777775100000003444
0000000000001788888888877777777777778888887766666777777630000000001444
0000000000004888888888777777777777887765445666677777652000000000000144
1000000000006888888887677777777776542100001234444432100000000000000013
4310000000017888888886677777777654321110000000000000000000000000000000
4443100000017888888886777777776654322111000000000000000000000000000000
4444420000017888888887777777776655432211110000000000000000000000000000
4444444100006888888887677777766665543222111100000000000000000000000000
