4444444444334577777777777777777643100000000111222334455555666666677888
4444444456777777777777777777777777642000000112223344455556666666677888
4444456777777777777777777777776666666410011112232344555556666666777788
4445677777777777777777777776667777666651011112223445455666666667777778
4467777777777777643222222246777777777775211122233454555666666677777777
4777777777777531123456666677777777777777763223334445556666666777777777
7777777777752125778888888877777777777777777644444555566666777777777777
7777777777413688777777887777777777777777777776555556666666777777777777
7777777764357777777777887777777777887777777777766666666666777777777777
7777777634787777777777777787777777887777777777777666666677787777777776
7777776347877777777765544457877777887777777777777777777777887777777764
7777763367777777776654433212478777887777777777777777777777887777777544
7777733677777777766544332211126877887777777777777776677777887777875444
7777535777777777665543322211100378877777777777765667777777887778644444
7776347777777776655433222111000026877777777778777777777777888875444444
8775467777777766554333222111000000478777777778887777777777887644444444
8864577777776666554332221111100000025787777788887777778887554444444444
8755777777766665443332221110000000000246788888888888776421344444444442
8757777777666654433322211100000000000001234566666543210013444444444420
