6667776545667777777777776543212356677777777645333333331012333333332122
7777644677777777777777788888776432356777777754533333332012333333332122
7765567777777777777777777777778875336666666763432333333112333333332122
7656777777777777777777777777777778755566666674233333333212333333332122
6667777777777665667777777777777777787556666664023333333212333333332122
6777777777776556666666666667777777778755566654023333333322333333333222
6777777777654566555555555545677777777875566665113333333322333333334433
7777777666544555555555444433357777777776555555113333333332333334455554
7776666665444555544444443332225777777777655555113333333333344445555555
6666666664434544444444333222212777777777755554203333333333345555555555
6666666654334444444433333222112777777777765544203433333334445555555555
6666666643334444444433332221114766677777655444411433333444444455555555
6666665544334444444333232221233566666666555555431344444444444444455431
6666555544334444444333222221233334555435555555553234444444444444432111
6666666644334444444333222221333322334323555555555433444444444432111233
6666666644444444444333222221233332322321245555544444444444443222233333
6666666654444444444333222221133333333221002445444444444444333333333333
6666666654444444444433222221123333333333211013445544444333333333333333
5666666664444444444433222222112333333333333211122333333333333333333333
