8888888888888730000003888888888402888888888888873000000000000000000000
3578888888888885000003888888888402888888888888510000000000012456777766
2102478888888888610003888888888402888888888884000000000003687654333334
8763004888888888860003888888888402888888888850000000000278631000000000
8888720278888888884003888888888402888888888710000000004883000000000000
8888882028888888887103888888888402888888888400000000038720000000000000
8888887006888888888203888888888402888888888300000000178400000000011000
8888888104888888888303888888888402888888888300000000188200000000168200
8888888104888888888303888888888402888888888300000000188200000000178300
8888888204888888888303888888888402888888888300000000188200000000178300
8888888204888888888303888888888402888888888300000000188200000000178300
8888888204888888888404888888888402888888888300000000188200000000178300
8888888302888888888878888888888203888888888300000000188200000000178300
8888888610588888888888888888885006888888888300000000188200000000178600
8888888861048888888888888888740168888888886000000000188200000000178820
8888888887301478888888888874103788888888872000000000188200000000178861
7888888888863102345666543201368888888888720000000000188200000000178886
2688888888888764322111123467888888888886200000000000188200000000178888
0047888888888888888878888888888888888740000000000000188200000000178888
