0002578888888888888888888888888888888886300000136888888876116788888876
0136888888888887643211112235678888888888652000236888777775225788888776
0268888888887631013456665542123688888888876300026888888887214788888777
1478888888874123578888888888752025888888888740026888888886215788888876
3677888888732578888888888888887412688888888751037888888875126888888886
7877788886214788878888888888888861168888788873036888888875116888888887
8877788874037888788888788888888873148888888884026888888886215788888876
8877788873158888888874247888888874136888888874136888888884037888888875
7888888873158888888873148887788873158888888884047888788875126888888875
7887778884248887788873158888888886237888888886137888888886137888778887
8887788885037887788885037888888886127888888886137888888886237888878876
7887778886237887778886237888778887216888888887326888888887205888888887
8888778885127888888887226888788888304888888888878888888887315888877888
8888877886326888888887314788888888621478888888888888888885126888887788
8888888886215888888887301688888888862147888888888888888741368888888776
8888888874136888888886310378888888876313678888888888753235788888888752
7888888875215888888876410137888888888764322455565443212468888888888741
7888888886236788888887310025678888888888765422111234567888888888886312
7888888876336788888887310000246788888888888888888888888888888888751000
