4566666666666666666666666665666666652048888888888300000000000000000000
6666666666666666666555555566666666666203888888888710000000000000000000
5556666666665543322222222223677777766620488888888840000000000000000000
5666666554322211222222112456777777777750178888888860000000000000000000
6555432211111111122212357888887777777760068888888871000000000000000000
3221111111111111111246888888888888887620278888888860000000000000000000
1111111111111111113688888888888887542014788888888840000000000000000000
1111111112211111048888888888886421124678888888888600000000000000000000
1111111111110000588888888887520146788888888888886100000000000000000001
1211111100000003888888888851036788888888888888740000000000000000001345
1110000000000017888888888402677777777778888874100000000000000001245555
0000000000000038888888885036777777777888764200000000000000001245555555
0000000000000048888888882366667777777542100000000000000000235555555555
0000000000000048888888883666666666651000000000000000000134555555555555
0000000000000038888888885666666555510000000000000001235565555555555554
0000000000000028888888887666666666642100000000112345665555555555554311
0000000000000006888888888566666666665544433445566665555555555554311246
0000000000000002888888888756666666665555566666655555555556554211246888
0000000000000000588888888875666666666555555555555555555553211357888877
