0146788888888888888888888888888888888753200013578888887654567888888763
3578888888888766543211224567888888888887531014678888887644578888888764
7888888888765333444555554335567788888888632235678888887534688888888754
7888888876444457888888888876444688888888753234678888887533578888888754
8888887644577888788888888887423788888888753257888888875236788888887645
8888876336888888888888888888643468888888864457888888875457787788887644
8778886347888888887778888888875357888878886347888888886336888777887645
8888876435788888887545788888887546788877887545788877787645788777888656
7888888875567888888874467888888874378888888875368888778874357888778887
6788888888655678888888755678888887665678888888765468887888655678877788
4456788888775557888888886457888888886456788788886347888888887446888888
4346788888876535788888766655788888875555788888876566788888887656788877
3466788887655556788888886446788888887656788888888888888888887546788877
3567888888766556788888876545788888887535788888888888888887765457888877
1256788888776445678888877522467888887765557788888888888888655777888887
3345678888775445788888876522467888888876544568888888888754445678888887
4557777888765456788888875421136778888888764334555566653223467778888887
2345677888776555677777886432012456788888888776422211223467887778888876
0135778888877655678888887521000125788888887888888888888888888888888765
