4788888887413788888887413688888887522688878888411788888888622788888788
5688888886303788888887302788888887402788888888755788887888611688877788
6788888886215788888887302688888888621588888888888888778887302788877788
6888888887303688888887511478888888752267888888888888888874137888887776
4678888887323688888888500157888888886203688888888888887632378888888763
5778888886214788888887410137888888888741025788888887530025788888888840
6777888886315777778887310003678888888887542111222211014578778888888620
5788888887314688888888420000147888888888888766555567788888888888875100
3444444446532444444445630000013445775444444445785444444444785444431000
0000000003860000000003761000000001771000000001672000000000673000000000
0000000003760000000003761000000002772000000001672000000001673000000000
0000000003760000000003761000000002772000000001562000000001673000000000
0000000003760000000003761000000001673000000000110000000001772000000000
0000000003760000000003773000000000376100000000000000000005750000000001
0000000003760000000003775000000000047620000000000000000157510000000004
0000000003760000000003777400000000002675210000000000124763000000000027
0000000003760000000003777730000000000135765432222345676310000000000267
0000000003760000000003777774100000000000124556666554310000000000003777
0000000003760000000003777777620000000000000000111000000000000000157777
