8888888885127888888886111111110000000000000000003788888888888888731111
8888888885127888888886111111000000000000001111111134578888888888885211
8888888885127888888886111110000000000011111111456543212578888888888621
8888888885127888888886111100000000000111100006888888764114788888888861
8888888885127888888886111000000000011110000003788888888731378888888884
8888888885127888888886111000000000111000000000278888888883138888888887
8888888885127888888886110000000000111000000000278888888887216888888888
8888888885127888888886110000000000110146676520126888888888215888888888
8888888885127888888886110000000000113788888884115888888888215888888888
8888888885127888888886110000111000116888888887215888888888215888888888
8888888885127888888886110257777630116888888887215888888888215888888888
8888888885127888888886236788888884116888888887215888888888215888888888
8888888886117888888888778888888885127888888887215888888888215888888888
7888888888313888888888888888888872158888888885115888888888215888888888
4888888888731378888888888888888621488888888882115888888888215888888888
1688888888885114678888888888763126888888888841115888888888215888888888
1268888888888752123456666543213578888888888511115888888888215888888888
1115888888888888754322222334678888888888874111115888888888215888888888
1111378888888888888888778888888888888888621111115888888888215888888888
