0000378888888888888888888888888888888888510000006888888887204888888887
0015888888888888653221111224678888888888873000026888888887105888888877
0068888888888741012456665542112588888888887400006888888887104888888778
0588888888884103688888888888752016888888888840005888888887205888888877
4878888888720378888888888888888500588888888871006888888887104888888887
7888888887202888888888888888888871048888888884005888888887105888888888
8888888885007888888888788888888884017888888886005888888887104888888887
8888888884028888888885027888888886017888888886005888888887105888888887
7888888884028888888885017888888886017888888886006888888887105888888876
7888888884027888888885027888888887006888888887006888888887106888878888
8888888885017888888886017888888887006888888887006888888887116888888887
7888888885017888888886017888888887106888888888206888888888204888888888
8888888885017888888886016888888888104888888888778888888887105888888888
8888888885017888888886005888888888500688888888888888888883028888888887
8888888885007888888886001788888888850058888888888888888720278888888884
8888888883027888888886000388888888886202678888888888763015888888888860
8888888884017888888886000048888888888853112455665543102478888888888720
8888888885027888888886000015788888888888754321111234578888888888885211
8888888885237888888886100001368888888888888888888888888888888888730000
