7777510000000000000000000000000000000000367777772000000000683000000000
7773000000000000134566666554210000000000015777772000000000683000000000
7720000000000146765433223346775200000000000477772000000000683000000000
7200000000004774210000000000136862000000000047772000000000683000000000
4000000000168510000000000000000378400000000006772000000000683000000000
1000000000585000000000000000000027830000000003872000000000683000000000
0000000002771000000000110000000003861000000001772000000001683000000000
0000000003860000000002761000000002771000000001772000000001683000000000
0000000003860000000003871000000002771000000001772000000001683000000000
0000000003860000000003761000000002772000000001772000000000683000000000
0000000003861000000003761000000002772000000001772000000000673000000000
0000000003861000000003771000000001772000000001672000000000683000000000
0000000003861000000003871000000001783000000000110000000001782000000000
0000000004861000000003783000000000387100000000000000000005850000000001
0000000003860000000003876000000000048720000000000000000168510000000004
0000000003860000000003878400000000003686310000000000025774000000000027
0000000004860000000003877840000000000136776433222345776310000000000278
0000000004860000000003877785100000000000124566666654310000000000003787
0000000004860000000003877778620000000000000000000000000000000000158777
