0000378888888888888888888888888888888887520000016888888887215888888888
1125888888888887654321112235578888888888874100016888888887105888888888
0278888888888742013455665532113688888888888400016888888887105888888888
0688888888875103578888888888752026888888888730017888888887204888888888
5778888888720378888888888888887400688888888861027888888885006888888888
8877888886104888888888888888888741168888888883017888888886116888888888
8887788884028888888887788888888883038888888884027888888885006888778887
7888888872038888888884038888888884038888778885127888778885016888778886
7888788886117888888886017888888886017888888887106888878887105888878888
7888888886107888888886107888888887107888888888204888878888314888777887
6788888886116888888886005888888887205888778887204888888888204888888887
6888888886006888888886006888888887105888888888305888878888204888877888
7888888885017888888886006888888888104888888888878888878887105888877888
8888888886016888888886103888888888500688888888888888888883027888887787
7888888886006888888887100588888888860048888888888888888750278888888774
6788888886106888888886100378888888886201578888888888864113788888888850
7778888885017888888886100037888888888863112455666543101368888888888610
7788888886115777778886310002678888888888764321111123468888888888886100
7888888885016888888886100000047888888888888888888888888888888888840000
