0000268888888888888888888888888888888888510000005888888887204888888887
0015888888888888653211111224578888888888863000016888888887104888888887
0068888888888741002455665542102578888888887400005888888887104888888777
0478888888884103578888888888752015888888888840004888888887104788888887
3777888888720378888888888888888510488888888871005888888887104888888888
7888888888202788888888888888888871048888888885005888888887104888888887
8887788885007888888888778888888884007888888887005888888887104788888887
8887788884028888888886027888888886007888888887005888888887105888888887
7888888884028888888885017888888885017888888886006888878887105888878887
7888788884037888888885017888888886006888888887006888888887106888778888
8888888884017888888885017888888886006888888887006888888887116888878887
8888888885027888888885017888888887006888888887106888888887104888888887
8887788884017888888885016888888887104888888888778888888886006888888888
8888778885017888888885005888888888400688888888888888888883028888888887
8888888884017888888886001788888888840058888888888888888620378888888775
8888888873017888888885000378888888886102678888888888752015888888888750
8888888873016888888885000048888888888753112355555443101478888888888610
8888888884027888888885000015788888888888754321111234568888888888884222
8888888875137888888885000000368888888888888888888888888888888887520011
