4444566666666666666666666666666666666666544444445666666666445666666666
4445666666666666655554444555566666666666665444445666666666445666666666
4466666666666654445555555555445566666666666544445666666666445666666666
4566666666665445566666666666655445666666666654445666666666445666666666
5666666666654566666666666666666544566666666664445666666666445666666666
6666666666545666666666666666666664456666666665445666666666445666666666
6666666665446666666666666666666665446666666666445666666666445666666666
6666666665446666666665446666666665446666666666445666666666445666666666
6666666665446666666665446666666665446666666666445666666666445666666666
6666666665446666666665446666666665445666666666445666666666445666666666
6666666665446666666665446666666665445666666666445666666666445666666666
6666666665446666666665446666666666445666666666545666666666445666666666
6666666665446666666665446666666666445666666666666666666666445666666666
6666666665446666666665445666666666544666666666666666666665456666666666
6666666665446666666665444666666666654456666666666666666654566666666665
6666666665446666666665444566666666665445566666666666655445666666666654
6666666665446666666665444456666666666655445555555555445566666666666544
6666666665446666666665444445666666666666655554444555556666666666665444
6666666665456666666665444444556666666666666666666666666666666666554444
