8888888888888730000003888888888402888888888888873000000000000000000000
3578888888888885000003888888888402888888888888510000000000012456666665
2102478888888888610003888888888402888888888884000000000002577653322234
8763004888888888860003888888888402888888888840000000000268631000000000
8888720278888888884003888888888402888888888600000000004872000000000000
8888882028888888887103888888888402888888888300000000038710000000000000
8888887006888888888203888888888402888888888300000000078300000000001000
8888888104888888888303888888888402888888888300000000178200000000067200
8888888104888888888303888888888402888888888300000000178200000000178300
8888888204888888888303888888888402888888888300000000178200000000178300
8888888204888888888303888888888402888888888300000000178200000000178300
8888888204888888888404888888888402888888888300000000178200000000178300
8888888302888888888878888888888203888888888300000000178200000000178300
8888888610588888888888888888885006888888888200000000178200000000178500
8888888861048888888888888888740168888888886000000000178200000000178820
8888888887301478888888888874103788888888872000000000178200000000178861
7888888888863102345666543201368888888888720000000000178200000000178886
2688888888888764322111123467888888888886200000000000178200000000178888
0047888888888888888878888888888888888740000000000000178200000000178888
