6666666666667776666666777777777777776313677777777764222223433333333333
5666666666666655555566666777777777778862247777777766322222221244444333
5666666666554444555555555566777777777786325777777766422222220023344444
5555555554433344444444444445567777777778635677777765522222220011223333
5555554433333333333333333333444677777777755677777755522222220011111222
4444444322233333333333333222333477777777765667777745422222210111111111
4444433222233333333322222222222377777777765667777634222222210122222222
4444432222333332222222222111111587777777756666665212222222201222222222
3444322223322222222222211111104777777778756666552022222222112222222222
3333222222222222222211111111257777777777666666530222222222112222222222
3333222222222222222111111234577777777777666666402322222222122222222221
4332222222222222221111112444467777777777655554113333333322233323333322
4432222222222222211111125444456677777766655552133333333322333333333322
4432223322222222211111035444445666566666665541243333333333333333334433
4432223322222222111111135454444565566666666632444433333333444555566666
4433233333222212111111035555444444457666666653454444444455666666666666
4443334444433322111111115555545444114666666665566555666666666666666666
5544344444444433332111102555555555410266666666556666666666666666666666
5554444444444333333332110355555555552014666666665566666666666666666666
