1357888888888888888888888888778888887632100014688888887544677888887632
3577888887788764332111223577788888888765310124578777776555567888877643
5788888887765311245666555433357788888887642113567888887754467888877755
5788888887543446788888888875433578888888875313677888887644467888887643
6788888876546888888888888887754567788888875224778888887534577888887653
7778888644457788888888888888877535788778886544578888887644567888888765
7778887535788888888788888888887545788888887534678888887654457888887653
7788886556788788887555688888886444578888886456668888887335678888887533
8888887436888888887435788877887545788888887535788888887544678888876543
8877788644588877888634688888888754578878888743688888888754688888888765
8887788862378877888873378888888873268888888774378888888864478888888765
7888778886446887778886446888778886436788888886436888888886425788888876
7888778887425788888888534788778888633688888888877888888887534788877888
6788887777654578888888643468888888764336888888888888888887533678888778
5788888788631478888888752257888888887423688888888888887775346788888876
6788888886433678888887542246788888887533467888888888865444578888888875
4678888888642368888887654212578888888776554344555554432246788888888875
5678888888653467888888763101456788888888887553221112356678888888888753
3578888887654467888888764100013567888888878888888888888888888888876520
