0000000000000001111112222233334445556666777777888888888544444444443004
0000000000000000001111112222333444556666777776788888888624444444444300
0000000000000000000001111112223344556667777777788888888822444444444431
0000000000000000000000000111122234566777777777588888888830144444444444
0000000000000000000000000000111356777777777777588888888840014444444444
1000000000000000000000000111246777777777777777788888888830001344444444
4310000000000000000012345556788777777777777777888888888710000024444444
4442000000000000002567766778777777777777888888888888888300000002444444
4444300000000000257777667877777777788888888888888888884000000000134444
4444430000000014777777667777777778888888888888888888730000000000001344
4444443000000157777777778777778888888888888888888864100000000000000013
4444444200000577777777767777888888888888888887764200000000000000000000
4444444410003777777777623788888888888888765321100000000000000000000000
4444444441006777777777204888888888877543110000000000000000000000000000
4444444443017777777775017888888888643222111111100000000000000000000000
4444444444217777777774038888888886443332221111111100000000000000000000
2444444444427777777775038888888876544333222211111111111000000000000000
0244444444446777777777117888888777655544332222221111111111111000000000
0034444444446877777777503788888777766555444333222222111111111111111110
