5678888888888888888888888877888888875310001367888888764456788888876311
7888888888876654321122345678888888887764200257888888775346788888876544
8888888887652234445555543355667888888886322356778888874346788888887544
7888888875444467888888888766434688888888753235688888887433678888888754
8888888753477788778888888787422688888888763247888888875225788888888644
8888887434788888888888888888753356888888875446788888886446777778888754
8877888753578888888877788888887644688887888743588888888752478887788874
6888888764457888888875567888888875467887778875556888778876457888778886
6678888888754678888888754678888888743688888888753688887788753578887788
6567888888886457888888887557888878876557888888887545788878886456787777
4444578888877555688888888754678888888745678877888743688888888754688888
5444578888887653478888876675478888887555578888887656678888888765678888
3346678888765555678888888644678888888765678888888888888888888654678887
2466788888876655678888887655578888888754678888888888888788776545788877
2246778888877544578888877642357888888776556778888888888888765677888888
4335677888876545678888877643457888888887654567888888888765444577888887
4456777888776546788788876531124678888888765434455566654222456778888887
2234677888876655567777787542101356788888888777532221123356787778888877
0124678888877654578888888642000123678888888888888888888888888888888875
