0001345555677777777765566666666666666665411111111233333444456777777777
1345555555567777777755555556666666666656653111121233333444456677767777
5555555555556766666545555555554466655555555421111233333444456777667777
5555555555555555555555555555532334565555555553112333333444556776677777
5555555554334555555555555554335543345555555555322333334445567765777777
5555555433334555555555555533455555434555555555532333344445567557777777
5555543333234555555555554345666667765566555555554343344455665677777777
5554333222245555554454312566666777776567655555665433444556556777777777
5543322222355555444441024456667777777667776566666544455545677777777777
4432222223555555444411455546677777777754666566555545544457777777777763
3222222124555555544115555545777777777621466666666643346777777777777510
2222221125554555553156555555777777777743356666555545677777777777763000
2222111135544445442466666655677777777776555555566777777777777776410000
2221111135444444443666666665357777777777777777777777777777777641000000
2211111035444444445666666664157787777777777777777777777777763100000000
2111111035444444456655555552167777887777777777777777777764210000000000
2211110025444444457655555651157777777778888877888887754211010000000000
1111100014444444457766555662047777777776777777776554321121110000000000
1111000002444444446776665563027777777776655555444343221221110000000000
