8888888888888888888888888788888876421000136788888875456778888876421001
8888877787753321122235677788888877654201235788777766655678888776533235
8888877664322456665555433567888888876531124678888887655567888877655444
8888876444467888888888765456788888888764335778888877544678888876543445
8888777657888888888888877655667888888764336778888876445678888887653234
8887655677887888888888888876545788888876555678888887655677888887765321
8877545788888888888888888887656788888887545788888887655567788887654344
8876557888888886666688888886566678888886457678888886445678888887544456
8887645788888887644788887887655688888887645788888887655678888887554444
7778876567888888765567888888875666788888875567888888876567888888887656
8878888754578888888764578888888864567888888765577888888765567888888667
5688877887655678877887655677877887665577888887665578888887664467888887
5467887788875247888888886446888788887445788888888778888888886446888778
5456788887777654578888888754467888888764336888888888888888887643578888
5445788888888741368888888863246888888887423578888888887888776445788888
3446788888887423578888887643235788888887643467788888888875444468888888
4434578888888753357888887765212478888888776654334555554442235778888888
5444577888888753467888888764101356788888888887653221112345677888888888
1112578888887654467888888764210012467888888878888888888888888888888876
