3222478888888888888877777788888888888887642222235788888886435788888888
2124788888888887654333333334567888888888763100015788888886314788888888
3257888888887643223455555543223578888888887410015788888886324788888888
4578888888864223577888888887653235788888888741015788888886324788888888
6788888887632367888888888888887522478888888863115788888886324788888888
7888888886313688888888888888888752247888888874125788888886324788888888
8888888875225788888887778888888874236788888875225788888886324788888888
8888888874236888888875346888888875225788888876325788888886324788888888
8888888874236888888875226788888875225788888876325788888886324788888888
8888888874236888888875236788888875225788888876325788888886324788888888
8888888874236888888875236788888875225788888876225788888886324788888888
8888888874236888888875226788888875225788888886435788888886324788888888
8888888874236888888875225788888886324788888887777888888875225788888888
8888888874236888888875214788888887422578888888888888888863136888888888
8888888874236888888875213688888888742257888888888888887632367888888876
8888888874236888888875201478888888875323567888888887753224688888888754
8888888874236888888875200147888888888753223445555543223467888888887523
8888888874136888888875100013678888888887654333333334567888888888874212
8888888875346888888875322222467888888888888877777788888888888888742223
