3577888888888888888888888888888888876421001356788888776556788888886421
6888888888876654322122346788888888888764211367788888765567788888776544
8888888876543344555555434566678888888875223567888888754468888888875444
8888888754545688888888887654467888888876433467888888764357888888876543
8888875446788887888888888753358888888876424688888887632578888888875456
8888753578888888888888888875345788888887645678888888655677778888875456
7788864468888888887788888888754578888788864468888888864358888778886456
8888875456788888876556788888876556788778876556788777877555788778887667
6788888876666888888875566788888875467888888876457888888876457888878887
5678888888766567888888876567888888766667888888777556888888765567887888
4445578888887655678888888755678888888655678878888744678888888754678888
5444578888887654468888887776468888887666568888888766678888888875577888
4345678888776556678888888764578888888765677888888888888888888764577888
2356778888877665578888887655567888888864467888888888888878877655678888
4224677888887764457888887764346788888877655677888888888888876577788888
4433567788887654567888888764335778888888765456788888888876544457788888
4445677788887655677888887653112467888888877543445556665432245677888888
4323456788887666666777778764310135677888888877753222112335678777888888
1002357788888766557788888874210012357888888888888888888888888888888887
