1111111103766777777775777777631111111111111111111111111111111111257777
1111111103761356776522777774101111111111234566666665321111111111113777
1111000003760001111002777730011111111136776543333446776421111111110277
1110000003760000000002777400001111112686321111111111135774111110011027
1110000003760000000002776000011111148731111111111111111268610100001104
1110000003760000000002773011111111387211111111111111111115851000000111
1110000003760000000002771111111111684111111111121111111111772000000111
1110000003760000011103771111111112783111111112673111111111673000000111
1110000003761001111113871111111112783111111112783111111111673000000111
1110000003761011111113872111111112783111111112783111111111673000000111
1110000003761111111113872111111112882111111112783111111111673000000111
1110000003761111111113762111111112882111111111783111111000573000000111
1110000002772111111111211111111114872111111112773011100000573000000111
1111000000585111111111111111111127841111111103773000000000573000000111
4011100010158621111111111111111378411111111116773000000000573000000111
7301111111114775211111111111236873111111111047773000000000573000000111
7720111111111146776443333456776311111111110377773000000000573000001111
7873111111111111235667776664321111111111114777773011111101673011111111
8788521111111111111111111111111111111111368777773111111111684011111111
