1000368888888888888888888888888788888887510000014788888887303778888887
0025888888887888653321111224678888888888763000135887777776314778888777
0158888888888742012456665543112578888888887410015788888887313678888777
1368888888875213578888888888753115788888888851015788888887313678888876
3567888888742478888888888888887522678888888862016888888886215888888887
7877788887303788778888888888888872158888888885115888888887204788888888
8877788886027888778888788888888885037888888886105888888887314688888887
7877788884147888788885137888788885126888888886225788888886116888888886
7888888884148888888885037888778885137888888885127888778886215888878876
7887778885137887778885037888888887226888788887126888888887126888778887
8888778885027887778886027888888887116888878886126888888886236888878886
7888778886127887778886227888778887116888888887216888888888205888888887
8888778884027888888886126888788887205888888888778888888886216888877888
8888888875137888888886115888888888511588888888888888878873037888877788
8888888884017888888886102788888888850158878888888888877621478888887765
8888888762147888888875101588888888875214678888888888642136788888888742
8888888873027888888876100158888888888753113455665443113578888888888610
8888888884137888888886100125788888888888754322111234578888888888885212
8888888875247888888886100001357888888888888888888888888888888888730000
