0000000003888888888888888888620000000000000000000000000000000000158888
0000000003888888888888888885000000000000124566666654310000000000003788
0000000003888888888888888840000000000025776533222345776410000000000278
0000000003888888888888888400000000002686310000000000025874000000000028
0000000003888888888888886000000000048730000000000000000168610000000004
0000000003888888888888883000000000387100000000000000000005850000000001
0000000003876888888886871000000000783000000000010000000001782000000000
0000000003861467877632871000000001782000000001672000000000684000000000
0000000003870001221002871000000001782000000001783000000000684000000000
0000000003870000000002871000000001882000000001783000000000684000000000
0000000003860000000002871000000001882000000001783000000000684000000000
0000000003860000000002760000000002881000000001783000000000684000000000
0000000002871000000000000000000003871000000001783000000000684000000000
1000000000585000000000000000000017830000000003883000000000684000000000
4000000000168610000000000000000278400000000006883000000000684000000000
8200000000004785200000000000126872000000000048883000000000684000000000
8720000000000146775432222346776300000000000388883000000000684000000000
8873000000000000134566666654210000000000005888883000000000684000000000
8888510000000000000000000000000000000000268888883000000000684000000000
