1111111110112344444444444445555555555445555555555322333210000000111122
1110000012344444444444444444555555555544555555455532233200000000111122
0000001244444444444444444444455555555554444444555543233100000001111222
0000024444444444444433222111123333333333224455555554232000000111112222
0000344444444444322233445554445555444444434555555554220000001111122222
0003444444444432346677666666556666665544434555555554100000011111222223
0034444444443346777766666665555666666665334555555543000011111122222232
0144444444345666667766666655666777777777644544444442011111112222222333
0344444444576666666667665567777777777776664444444441111111222222233333
0344444446776666666664335677777777777776674344444431111122222223333334
1444444467776666666302578877777777777777764444444421112222222333333455
0344444677776666651037877777777777543246654444444312222222233333345566
0344435777777666510588777777777766422344444444454222222233333334556676
0144446777777666105877777777777766544555444444443222233333344456666666
0034447777777674028777777777777777655544555555433333333344455666666666
0014347777777772058777777777777777776665544444434444444556666666666666
0002447777777772178777777777777777777776666553333344555566666666666666
0000246777777774368777777776777777777777777666666666666666666666666666
0000036777777776457878777777666777777777776666666666666666666666666666
