0000378888888888888888888888888888888888510000016888888887204888888887
0025888888888888653221111234678888888888863000026887777776105888888777
0068888888888741013456665542112588888888887400016888888887204788888778
0478888888885213578888888888752015888888888840005888888887204878888876
3767888888720478888888888888888610588888888871006888888887105888888887
7887788888202888888888888888888871058888888885005888888887104888888888
8887788886007888778888788888888885017888888887005888888888204888888887
8887778884028888778886027888888886007888888887105888888887105888888887
7888888885038888888886017888788886017888888887006888878887204888878887
7887778885027888788886017888888887106888888887106888888887105888777888
7888778885017888788886017888888887106888878887005888888887215888877887
7888788885017888788886017888888887105888878887205888888888203888878887
8888888885017888888886006888888888104888888888778888878887105888877888
8888888885017888888886004888888888500688888888888888878883028888887788
8888888885017888888886001788888888850058878888888888888720278888887774
8888888873017888888886000388888888886202678888888888753015888888888860
8888888884018888888886000048888888888853112345665543102478888888888710
8888888885028888888886000004788888888888754322111234578888888888885110
8888888885138888888886000000368888888888888888888888888888888888720000
