0012322223222222223334555443333334444444444444455556666554430122222222
0023222222334455666667777777665322234444444444444445554444411222222231
0233322345677777766666777776666665311244444444444444444444312222222220
1332235677777777777777777776666666654322344444444444444444222222222210
1323577777777777777766666666666655556654222344444444444443222222223100
2356777777777776543212233344565555555555543222234444444333222222232000
3677777777776531123567777777777777666655554443222233333442222222320000
6777777777641025788888878877777777777776654443444444444432222232100000
7666777775113688877777777777777777777777764334444444444422222321000000
6666777741368877777777777777888777777777775344444444444322222100000000
6666667524788777777777777776666777777776664344444444443222210000000000
6666666447877777777777776666544333467666642222333334321110000000000000
6666666457777777777777666666554332236655322222222221000000000000000000
6666676458777777776776666666555344333333233322332210000000000000001111
6666776458777777766776666666655434433333333333221111111111111111111111
6677777457777777776676666666665544443333333322111111111111111111111111
6777777557777777776566666666666654444433333222222111111111111111222222
6777777656777777777655666666666665443443222222222222222222222222222222
6777777656777777777765556666666666654333433322222222222222222222223333
