8888888886347888888886444444310000000000000000000000000000000000134444
8888888886347888888886444442000000000000012333333332110000000000002444
8888888886447888888886444420000000000013443221111223343200000000000144
8888888886447888888886444200000000001343100000000000012442000000000014
8888888886347888888886443000000000024410000000000000000134300000000002
8888888886447888888886442000000000143100000000000000000003430135666531
8888888886347888888886441000000000342000000000000001232100442688888886
8888888886347888888886440000000001441000000000341467888762346888888888
8888888886347888888886431000000001441000000001445888888887446888888888
8888888886347888888886430134554201441000000000346888888888436888888888
8888888886347888888886433788888862441000000000346888888888436888888888
8888888886347888888887447888888886441000000000346888888888436888888888
8888888886447888888888788888888886430000000001446888888888436888888888
7888888888445888888888888888888874420000000001446888888888436888888888
5888888887134578888888888888888743200000000003446888888888436888888888
4357777751002345788888888888765345566653100024446888888888436888888888
4310121000000123445667776655445678888888610244446888888888436888888888
4442000000000000112233345455678888888888822444446888888888436888888888
4444310000000000000000014788888888888888634444436888888888436888888888
