0025788888888888888888888888877888888874210001258888888764357788888764
1357888888778876433211122256788888888876531002357887777654356788887764
1578888888776521124566655532225788888888764101356888888775246788887775
2578888888753234678888888887532257888888887520267888888764346888888764
4678888887534688888888888888775336788888887520368888888753257888888775
7877788874225787778888888888888742478887888752257888888764246888888876
8777788762268887788888888888888762368888888862157888888875235788888866
8777888753478887888863458888888853347888888753356888888852257888888853
7888888862378888888862268887788863368888888863268888888874247888888764
7887778875347888788874257888888886346888788886247888888886237888888887
7888778888314888778888315888888888513788888887514888888887525888888887
5688877888733688777888733688877888742578888888742588888888731478888888
5788777888622688888888733588878888742478888888887788888888742588877888
6888877887633688888888632478888888852247888888888888888887423688888788
6888888887512588888888630268888888885124787888888888888763247888888875
7888888875225788888886420257888888886412578888888888753234688888888863
7888888886214888888877410137888888888765422455565443312467888888888741
7888888875236788888887300025788888888888755322111235567888888888886212
8888888875347788888886210001357888888888888888888888888888888888641000
