0000278888888888888888888888888888888888510000015888888888204888888887
0015888888888888653221111224678888888888863000026887777776205888888777
0058888888888741013456665542112588888888888400005888888887204788888778
0478888888885213578888888888752015888888888850005888888887204778888876
3667888888730378888888888888888610588888888871005888888887105888888887
7887788888302788788888888888888871048888888885005888888887204888888888
8887778886007888778888788888888885017888888887005888888888204788888887
8887778884028888778886127888788886006888888887105888888887105888888887
7888888885027888888886017888778886017888888887106888878887204888878887
7887778885027888778886017888888887106888888887105888888887105888877888
8888778885017888778886017888888887106888878887105888888887216888877887
7888778885017888778886017888888887006888878887206888888888204888878887
8888788885017888888886016888888888104888888888778888888887105888877888
8888888885017888888886005888888888500688888888888888878883028888887788
8888888885017888888886001788888888850058878888888888878720278888887774
8888888873027888888886000488888888886202678888888888753015888888888850
8888888873017888888886000048888888888853112355665543102478888888888710
8888888885027888888886000014788888888888754322111234578888888888885110
8888888885138888888886000000258888888888888888888888888888888888720000
