0246888888888888888888888888888888888742100012588888887643567888887642
2478888887788765332111222467888888888765310023578877776544567888877653
4788888887775211235666555322257888888887641002468888888753357888877755
5788888887533346888888888875422578888888875202578888887643467888887642
6788888876446888888888888887753467888888875213678888887533578888887752
8778888743357888788888888888887524788878887533578888887643467888888765
7778887622688888888888888888887633678888888632578888888753356888887664
7778887634788888888644578888888633468888888534567888888622578888888643
8888888733688888888732588877888643588888888742588888888753468888888654
8887778864358887788853468888888875357888888874268888888874258888888886
7888778887315888778887325888888888514788888887524888888887535888888887
5578877788853578877888853478877888863368888888863468888888862268888888
4688877888752368888888863368887888874357888888888778888888864368888788
5788888788753468888888863357888888875225788888888888888888742478888878
5788888888741268888888862147888888888412588788888888888775335788888887
6788888887423688888887641136788888888631367888888888875334568888888874
5788888887522688888887641113788888888875532245566544321356788888888873
6788888887424688888888620013578888888888875432211123556788888888887421
6888888886335778888887420000135788888888888888888888888888888888752000
