1111112467888888888888888888888888888888886421000025788888875346788888
3223457888888888887654321112234678888888888753100037888888874246788888
2123688888888887531123455555421124678888888875200147788888862125788888
2235678888888763224678888888887641136888888887520036788888875214788888
3567778888887632468888888888887776213688888888741036888888874226787788
5677888888875225778888888888888888741257888888864136788888875336887778
5678888888875246888888887788888888863147888888875236788888875236888778
6777788888864257888888874247888888875236788888875236788878876346778778
7778888888875246888888874247888888875136888888886236888878886226778877
5678888888875247888888874246888888875136888888886336788888886325778778
3577888888874247888888874136888888875236788888875125788888875226778888
3467888888764247888888864147888888874147888888875246888888886336778777
4567888887753357888888863147888888874126788888888777888888874147888777
3567888888753357888887752136888888874114788888888887778888741267888877
3678888888742367888888751014788888887411478888888888888887313788888876
3578888888742257888888751002678888888752014788888888887531146888888887
4577888888742367888888752000267888888887521124555655431014678888888886
3467888887753367788888752100025788888888887643211111234678888888888862
3467888887643467888888752000001478888888888888888888888888888888886410
