8888888884017888888885000000158888888888888888888888888888888888730000
8888888885017888888885000003788888888888764322111223578888888888885000
8888888884017888888885000048888888888852112345565542101478888888888610
8888888884017888888885000388888888886202578888888888763004888888888860
8888888884017888888885002888888888840058888888888888888720278888888884
8888888884017888888885005888888888501688888888888888888883028888888887
8888888884017888888885006888888888104888888888778888888887005888888888
8888888884017888888885002788888884006888888887216888888888104888888888
8888888884017888888885000145666420006888888887105888888888204888888888
8888888884017888888885000000000000006888888887105888888888204888888888
8888888884017888888885000000000000006888888887105888888888204888888888
8888888884017888888886110000000000006888888887105888888888204888888888
8888888886007888888888850000000000017888888887105888888888204888888888
7888888888202888888888874200000000048888888885005888888888204888888888
4888888888720278888888888861000000488888888882005888888888204888888888
0688888888884003678888888871000015888888888840005888888888204888888888
0168888888888741012455665410012578888888888400005888888888204888888888
0005888888888888753221111234678888888888873000005888888888104888888888
0000278888888888888888778888888888888888610000005888888888104888888888
