2112478888888888888877777888888888888888631111125788888887325788888888
2115788888888887654332222334577888888888873100015788888877214788888888
2257888888888642223455555543223578888888887410015788888877214788888888
3678888888874223677888888887753125788888888741115788888877214788888888
5788888887631367888888888888887521478888888772115788888877214788888888
7888888887313788888888888888888762157888888875115788888877214788888888
8888888875126788888887778888888874126788888876215788888877214788888888
8888888874127788888876237888888875126788888876215788888877214788888888
8888888874137788888875126788888876126788888876215788888887214788888888
8888888874127788888875126788888876226788888876215788888887214788888888
8888888874127788888875126788888876226788888876215788888877214788888888
8888888874127788888875126788888876216788888887326788888877214788888888
8888888874137788888875126788888876215788888888777888888876215788888888
8888888874127788888875115788888887512678888888888888888873137788888887
8888888874127788888875112778888888741257888888888888887631367888888875
8888888874137788888875111478888888875213577888888887763124788888888763
8888888874127788888875100147888888888753223455555543222468888888887522
8888888874127788888875100013788888888887754332222334567888888888875112
8888888875237888888885211111368888888888888887777788888888888888742112
