0136767777777777777777777777777777776433433333334323444444455554444444
4677667777777777776666666677777777776652233333444433344444555555555444
6666677777766543222221122233456666666666213434444443344444555555565555
6666666765322234556666666654334566666665520344444444434444555555555552
6666666433467888888888888888876565555555652034444444443445555555555311
6666664467888777777777777777788877665555555203444444444344444444443012
6667545788777777777777777777777777777655555520244444444444444444420122
7776457877777777777777777788777777777776555542024444444444444443101222
7764578777777776777766666666788777777777655434311344444444444421122222
7754787777777756766666655544446777777777765433332113344444433222222222
7656777777777556666666555444322377777777774333333321112222222222222222
7557777777776556666655554443232137776666653333333333333332222222222222
6567777777776556666655555443232225655554212333333333333322222222222210
5667777777776555666555555443232222333321111123333333332222222222221000
5667777777777544565555555543323222121111111111123333222222222221100000
6667777777777644455555555553333322222211111111100111112211111000000000
6666777777777754455555555554333322222122111110000000000000000000000000
6666777777777764445555555545333332222211111111100000000000000000000000
6666677777777775444555555554433332221122111111111100000000000000000000
