1111378888888888888887778888888888888888621111115888888887215888888888
1015788888888887654322222234678888888888873000015888888887205888888888
1168888888888742123455655532113578888888888400015888888887205888888888
2688888888874113678888888888752126888888888840015888888887205888888888
5888888888730368888888888888887511478888888872015888888887205888888888
7888888887303788888888888888888861158888888885115888888887205888888888
8888888885116888888888778888888884027888888886115888888887205888888888
8888888884027888888886237888888886116888888887115888888887205888888888
8888888884027888888885017888888886116888888887215888888887205888888888
8888888884027888888885127888888886116888888887115888888887205888888888
8888888884027888888885127888888886116888888887105888888887205888888888
8888888884027888888885127888888886116888888887326888888887205888888888
8888888884027888888885116888888887205888888888778888888886116888888888
8888888884027888888885115888888888402688888888888888888873037888888887
8888888884027888888885102788888888741158888888888888888630378888888884
8888888884027888888885100488888888885213578888888888763114788888888861
8888888884027888888885000148888888888753112455665543212478888888888611
8888888884027888888885000003788888888888754322222234567888888888875101
8888888884127888888885111111268888888888888887777888888888888888731111
