2211111113761111111113777777631122222222222222222222222222222221257777
1111111103751111111112666674111111122222235666666665432222211111113777
1111110003651000000002666630111111111236776544333456776421111111111267
1111100003650000000002666401111111113686422222221111235774111111111137
1111000003650000000002665111111111147742222222222222221267511111111114
1111000002650000000002663011111111377322222222222222222115751111111112
1111000003650000011112762111111122684222222222222222222212672011111111
1111000003650011111113762122222223783222222222673222222111673000011111
1111000003651111111113772222222223783222222222784222221111573000011111
1111000003651111111213872222222223783222222222784122111111573000001111
1111000003651111122224872222222223883222222222773111111111563000001111
1111100003651111222223762222222223873222222222673111111111563000001111
1111100002662112222222222222222224872222222112773111111000563000001111
2111111111575112222222222222222237842222111113773011100000563000001111
4111111111157521222222222222222378522211111115663000000000563000001111
7311111111114775322222222222246873122111111146662000000000563000011111
7731111111111246776544334456776421222111111376663011110000563001111111
7774111111112212345667777665422222222211114777673111111111573011111111
7777522222222222222222222222222222222222367777773111111111674111111122
