8888888885017888888885000000158888888888888888888888888888888888730000
8888888885017888888885000003788888888888764322111223578888888888885000
8888888885017888888885000048888888888852112345565542101478888888888610
8888888885017888888885000388888888886202578888888888763004888888888860
8888888884017888888885001788888888840058888888888888888720278888888884
8888888884017888888885005888888888501688888888888888888883028888888887
8888888884017888888885007888888887104888888888778888888887105888888888
8888888885017888888885017888888887006888888887216888888888104888888888
8888888884017888888885017888888887006888888887105888888888204888888888
8888888884017888888885017888888886006888888887105888888888204888888888
8888888884017888888885017888888886006888888887105888888888204888888888
8888888884017888888886117888888886006888888887105888888888204888888888
8888888886007888888887203788888872017888888887105888888888204888888888
7888888888202888888883000135554310048888888885005888888888204888888888
4888888888720278888885000000000000488888888882005888888888204888888888
0688888888884003677763000000000015888888888840005888888888204888888888
0168888888888741001100000000012578888888888400005888888888204888888888
0005888888888888753322112234678888888888873000005888888888204888888888
0000268888888888888888788888888888888888610000005888888888204888888888
