0000001333333333334444444444444444444444444444454445422333333200000000
0000133333333333344444444444444445444444444445555555422233333100000000
0002333333333333333223333222211223444555544455555544532223332000000001
0023333333333322345666666666554333322333344444444444442223321000000001
0243333333333456677777766666665566655433333224444444443222310000000001
1333333334566766666777766666655566655554444344444444443222100000000011
2433333357776666666677766665556666666665443344444444442221000000000011
2433334677766666677643334456777777777777643444444444532100000000001111
3333357777766667652114567787777777777777764444444444410000000001111111
3333577777766665102578888777777777777777665333333333100000011111111122
3335777777766630268877777777777777777776664333333332011111111111112222
2346777777766204787777777777777664434677643333333321111111111122222222
1357777777773048777777777777766552223455433333343211111111222222222223
0367777777750487777777777777666654344444444444432111222222222222233334
0266677777733687777777777777666655544544444444322222222222222233334455
0266666677744687777777777777666666654445544443222222222233333334455566
0166666666765687777777767777666666666544444433333333333333344555666766
0046666666775578777777766677766666666666543233344443444455566666666666
0026666777776568777777776566776666666666666554444555666666666666666666
