1110378888888888888888888888888888888888620111105888888888204888888888
1005888888888888753222112234578888888888873000005888888888204888888888
1168888888888742113456665542112588888888888400005888888888204888888888
1688888888884103688888888888752015888888888840005888888888204888888888
4888888888720278888888888888888610488888888882005888888888204888888888
7888888888303888888888888888888871048888888885005888888888204888888888
8888888886016888888888778888888885017888888887105888888888204888888888
8888888885017888888886127888888886006888888887105888888888204888888888
8888888885017888888885017888888886006888888887105888888888204888888888
8888888885017888888885017888888886006888888887105888888888204888888888
8888888885017888888885017888888886106888888887105888888888204888888888
8888888885017888888885017888888887106888888887216888888888204888888888
8888888885017888888885017888888887204888888888778888888887106888888888
8888888885017888888885005888888888501688888888888888888883028888888887
8888888885017888888885002788888888840158888888888888888720278888888884
8888888885017888888885000488888888886202578888888888763014888888888861
8888888885017888888885000048888888888853112355665542112478888888888611
8888888885017888888885000003788888888888764322222234578888888888885101
8888888885027888888886111110268888888888888888888888888888888888730111
