0000378888888888888888888888888888888888510000005888888887105888888888
0005888888888888753221112234678888888888850000005888888887105888888888
0168888888888741012455655432112588888888850000005888888887105888888888
0688888888874003678888888888752025788887410000005888888887105888888888
4888888888720278888888888888888510122221000000005888888887105888888888
7888888888203888888888888888888861000000000000005888888887104888888888
8888888885017888888888778888888884000000000000005888888887104888888888
8888888884018888888886127888888886000000000000005888888887105888888888
8888888884028888888885017888888886000000000000005888888887104888888888
8888888884028888888885017888888886000000000000005888888887104888888888
8888888884028888888885017888888886000000000000005888888887104888888888
8888888884028888888885017888888886000000000001216888888887104888888888
8888888884028888888885017888888887100000234446878888888887006888888888
8888888884028888888885005888888888400004888888888888888882028888888887
8888888884028888888885002888888888840006888888888888888720278888888884
8888888884028888888885000488888888885101578888888888763004888888888860
8888888884028888888885000048888888888752012455665543101478888888888610
8888888884018888888885000003788888888888754321111223578888888888885000
8888888884018888888885000000168888888888888888778888888888888888620000
