8888888886557888888887555555420000000000000000000000000000000000135555
8888888886557888888887555553000000000000112344444433210000000000002555
8888888886557888888887555520000000000023554322222234454210000000000155
8888888886557888888887555300000000001454210000000000013552000000000015
8888888886557888888887554000000000025520000000000000000145410000000003
8888888886557888888887552000000000255100000000000000000003540000000000
8888888886557888888887551000000000452000000000010000000001552000000000
8888888886558888888887541000000001551000000000451000000000452000000000
8888888887558888888887541000000001551000000001552000000000452000000000
8887888885558888888887541000000001551000000001452000000000452001111000
3678888732557888888887540000000001551000000000452035665420452257777651
0023332102558888888887553466653001551000000000453688888885454788888887
0000000001557888888888778888888502540000000001556888888888556888888888
1000000000356888888888888888888824520000000002557888888888556888888888
3000000000045678888888888888888655300000000004557888888888556888888888
5200000000002456788888888888776542000000000035557888888888556888888888
5510000000000124566777777766543200000000000255557888888888556888888888
5552000000000000123344456554331000000000003555557888888888556888888888
5555310000000000000000014786147510000000145555557888888888556888888888
