4567777777877777777777777887777776666666410000000000111112233344455555
6777777777877776543322333345567766666666651011111111111122333444445566
7777777777876421233455555432113566666666675100000111122222334444455566
7777777776543456777777888877655667777776666300000111122333344444555566
7777776533567777777777887777777776677777765400001111122234444455555666
7777653356777777777777887777777777777777777400111112222344554555556666
7775335677777777777777787777777777777777777621111222233444555555666666
7533567777777777766655555677777777887777777762222223334444565556666666
4356777777776666655444432257777777887777777775333334444455666666666677
4676666667776655444333322116777777887777777776554444455555666666667777
6666666666665544333322221103777777887777777777655555555566666666677777
6666666666654443332222211001677777887777777777766556666666676667777777
6666666555554333222211110000377777887777777777776666666666777777777777
6666655554443322121111000000177778877777777777776666666666777777777777
6665555444333211111100000000057788777777777777777666666677887777777777
6655544432222221110000000000038877777777766667777666777777787777777775
6554443322211111111100000111115777777777776666777677777777787777776544
5544332221111100001111111111000477777777777888887777777777887777644444
4444322211111000000000000000000026777777778888887777777777887654444444
