8888888887568888888887666666520000000000000000000000000000000000146666
8888888887567888888887666664000000000000123445555443210000000000002566
8888888887567888888887566630000000000024554332222234555310000000000156
8888888887568888888887566300000000002564210000000000013653000000000026
8888888887568888888887565000000000036520000000000000000146410000000003
8888888887568888888887562000000000265100000000000000000004640000000000
7888888885668888888887651000000000563000000000010000000001562000000000
2578887632668888888887651000000001561000000000452000000000563000000000
0012221002668888888887651000000001561000000001562000000000463000000000
0000000002668888888887651000000001661000000001562000000000563000000000
0000000002668888888887651000000001661000000001562000000000563000000000
0000000002668888888887651000000001661000000000562000000000563000000000
0000000002667888888888876520000002650000000001562012333200563001111000
1000000000466888888888888883000015630000000002662378888862463157777641
3000000000046678888888888886000256300000000004666888888887565788888887
6200000000003567788888888862024652000000000036657888888888657888888888
6520000000000134567777776544554200000000000366657888888888657888888888
6652000000000000123445565443210000000000003666657888888888657888888888
6666410000000000000000113400000000000000256666657888888888657888888888
