0000278888888888888888888888888888888888520000006888888888315888888888
0115888888888888754321112234578888888888874100006888888887205888888888
0178888888888742013455665532113588888888888400006888888887103788888888
0588888888885103578888888888762026888888888840006888888887203788888888
4777888888720278888888888888788500588888888871006888888887105888888888
8877888888203888788888888888888860058888888885006888888887105888888888
8887788886017888888888778888888884018888888886106888888887105888878888
7888788884028888888886027888788886007888888887106888778887105888878887
7887788886127888888885017888788886017888888887106888778887105888778888
8887788885017888888886017888888886017888888887106888778887205888777887
7888788884027888788886017888888887106888778887106888888887205888888887
7888888885017888888885017888888886006888878887216888778888204888777888
7888888874028888888885007888888887105888888888878888778887006888777888
8888888884027888888885005888888888501788888888888888878872038888877887
7888888885017888888885001788888888850168888888888888888730378888887663
6788888774027888888885000588888888885102578888888888853125888888888740
8778888874027888888885000048888888888852112455666543101478888888888500
7778888885026777777886200003688888888888764221111223568888888888885100
7888888884028888888885100000158888888888888888888888888888888888720000
