0000378888888888888888888888888888888888610000005888888888105888888888
0015888888888888754322112234678888888888873000005888888888105888888888
0168888888888742113456665542112588888888888400005888888888105888888888
0688888888884103688888888888752026888888888840005888888888105888888888
4888888888720278888888888888888610488888888882005888888888105888888888
7888888888203888888888888888888871058888888885005888888888105888888888
8888888886017888888888788888888885017888888887105888888888105888888888
8888888884028888888886127888888886007888888887105888888888105888888888
8888888884028888888885017888888886007888888887105888888888105888888888
8888888884028888888885017888888886006888888887105888888888105888888888
8888888884028888888885017888888886006888888887105888888888105888888888
8888888884028888888885017888888887006888888887216888888888105888888888
8888888884028888888885017888888887105888888888878888888887106888888888
8888888884028888888885005888888888501788888888888888888883038888888887
8888888884028888888885002888888888840168888888888888888720278888888884
8888888884028888888885000488888888886202578888888888863014888888888860
8888888884028888888885000048888888888852112455666543112478888888888610
8888888884028888888885000003788888888888764322112234578888888888885100
8888888884028888888885000000268888888888888888888888888888888888730000
