8888888885237888888886222222210000000000000000000000000588888888742222
8888888885237888888886222221000000000000011122222211100688888888886222
8888888885237888888886222210000000000012222111111122221378888888888622
8888888885237888888886222100000000001222100000003677664225788888888862
8888888885237888888886222000000000012210000000007888888742378888888885
8888888885237888888886221000000000122100000000006888888884248888888887
8888888885237888888886220000000000221000000000037888888887226888888888
8888888885237888888886220000000000221000000000226888888888325888888888
8888888885237888888886220000000000221000000000226888888888325888888888
8888888885237888888886220024554200221001221000226888888888325888888888
8888888885237888888886222688888862221367887641226888888888325888888888
8888888885237888888886237888888886225888888886226888888888325888888888
8888888886227888888888778888888886237888888887226888888888325888888888
7888888888424888888888888888888873258888888886226888888888325888888888
5888888888731378888888888888888622588888888883226888888888325888888888
2688888888885224678888888888763236888888888852226888888888325888888888
2268888888888753234566666543223678888888888522226888888888325888888888
2225888888888888731111233345678888888888874222226888888888325888888888
2222478888888888882000038888888888888888632222226888888888325888888888
