0000378888888888888888888888888888888887510000016888888887204888888887
0016888888888888643211111224678888888888863000026888877776205888888877
0168888888888741012455665542112588888888887400005888888887204788888778
0478888888874113578888888888752015888888888840005888888887104778888887
3667888888730478888888888888888510588888888871006888888887104888888887
7887788887203788888888888888888871058888878884016888888887105888888888
8887788885017888788888788888888884027888888886005888888887104788888887
8887788884038888888885137888888886016888888886105888888887106888888887
7888888884028888888885027888778885027888888886016888878887105888888886
7887778885137888788885037888888887117888888887116888888887116888878887
8888788885027888788886027888888887116888888887116888888887226888878886
7887788886127888778886127888788887106888888887216888888888204888888887
8888778885027888888886116888888888205888888888778888888887206888878888
8888878886127888888886105888888888511588888888888888888884027888887888
8888888886016888888886102788888888850058888888888888888730378888888775
8888888873027888888886100378888888886203678888888888753125788888888851
8888888874016888888886100148888888888753212455665443102478888888888720
8888888885127888888886100025788888888888754322111234567888888888885212
8888888885237888888886100001357888888888888888888888888888888888730000
