8888510000000000000000000000000000000000378888882000000000783000000000
8883000000000000134566766654210000000000015888882000000000783000000000
8720000000000146876433223356776200000000000488882000000000783000000000
8200000000004785200000000000136862000000000048882000000000783000000000
4000000000168610000000000000000378400000000006882000000000783000000000
1000000000685000000000000000000017830000000003882000000000783000000000
0000000002871000000000110000000004870000000001782000000000783000000000
0000000004860000000002761000000002871000000001782000000000783000000000
0000000004860000000003871000000002881000000001782000000000783000000000
0000000004860000000003871000000002881000000001782000000000783000000000
0000000004860000000003871000000002882000000001783000000000783000000000
0000000004860000000003871000000001882000000001672000000000783000000000
0000000004860000000003871000000001783000000000010000000001782000000000
0000000004860000000003883000000000387100000000000000000005850000000001
0000000004860000000003886000000000048720000000000000000168610000000004
0000000004860000000003888400000000003786310000000000025874000000000028
0000000004860000000003888840000000000036776433222345776410000000000278
0000000004860000000003888885100000000000134566776664310000000000003888
0000000004860000000003888888620000000000000000000000000000000000158888
