6655555556775555555556777778766666665555555555555544433333222222345566
5555555545765555555555777776555666555554556667776654432111111111112455
5544444445654444444444666654555555555556666666555554443211110011111245
5444333334553333333333555434445555556776655555554443222321000000011135
4433332223442222222223444233344555567765555555554443221122200000011124
4332222212331111111112332223334555687655555555554433221102220000011223
3322111112331111111111331222344555786566655555554432211101221000111223
3321111111321111100101331223345556786666655555664322111100221001111223
3221110001220000000001332233455556786666655555664221111000231011111233
3221110001220000000112343344555666886666555544553211111111232111112233
3221100001220000001112454445556666886665555544543111111111232111122234
3211100001220000011123554555666666876655555443442111111111332122222334
3211100001221000111223445556666666876555554433442211111222343222233344
3211100000222000111233455566666667865555554434543222222222443233333444
4211100000022210112234455566666678655555554445553333333333454333334445
5311100000001222112234455556667776555555554456554333333333564344444455
5421111000000112333344556677777655555555555566665444444444565444444555
5542111111111111223455667777666555555555556777675444444444665455555555
6655432222222233333344555666666666666666677777776555555555776555555566
