7888888888888888888888888888888887531100024788888876556777888877532001
7888887788764332112223577788888887754310134678777776555667888877543234
8888887765322245665555443457788888887642113567887887754567788877765444
7888887544456788888888876545678888888875423578888887654567888887653344
8888877655788888888888887765566778888876423577888887654467788887765323
7888875456778778888888888888754478888888754457888888765556788888876532
7888764467888888888888888888765567888888764467888888765555678888766433
8888765678888888766567888888755556788888755666788888753467888888754445
8888864578888888864468888788765568888888764578888888765557888888765444
8877877655788888886456778888887666678888887656788888887655788888888765
7788888876556778888887556778888887556678888876666778888876666678888876
7666788778876556778778876655678778887655678888886665678888887654578888
7655688877888753478888888864468887888864457888888887788888888864478887
7655678888777765457888888875457888888876434688888888888888888753467888
7544678888888763257888888874235788888888632468888888887788876544678888
5445788888887533578888887643335788888887644467788888888765444467888888
4334678888888743478888887653223688888888766654344555544433356788888888
4445678888887654578888887742013567888888888876543221123456778888888888
1124788888877544677888887642100124678888888888888888888888888888888765
