6788888888888888888888888888888888763210002468888887755667788888764200
7888888777776432211222367788888888776531013467887777655566788887664322
8888887776532124566655543335778888888764211356888888775456788887775544
8888887654445678888888887544467888888876532467888888764456788887664334
8888877765688888888888888775456778888887532577888888753467788888765322
7888875456678878888888888888753478888888654456888888764456778888876532
7888754467888888878888888888765567888888754467888888765555678888766433
8888755678888888755557888888755556788888754666788888753467788888754345
8888874468888888874358888778765457888888875457888888875556788888765444
8877787655678888887556778888888656678888888655688888887655678888888765
7888788887445788888887546788888887545788888886655788888886655788888876
6667887778875567887788875557788778876556788888876546888888876545788888
5457888778887424788888888534788778888644678888888877888888888644788888
5457888887777654688888888643578888888753357888888888888888887434788888
4457888888887423688888888632467888888885235788888888888888764457888888
3567888888874346788888875422467888888875335678888888887654445788888888
3457888888875336788888876421247888888887665433455555444323577888888888
4567888888875446788888876310145788888888888765322112245667888888888874
1368888888764457788888875210002357888888888888888888888888888888887531
