0003678888888888888888888888888888888875421000247888888875445788888886
2236888888778777654321112245578888888888765310136888888876335788788887
1257888888888764113444555553234567788888888521135678888886324678888887
5446788888887543346788888888876433577888888864213578888888743367888888
6567888888864346778888888888778742258888888886313688888887522578888888
7787778888632478878888888888888874235788888887433678888888633577888888
8888777888634678888888778888887887524788887887534688888888633578877788
5678888887523788888888534688888888523788877888644688877788633688877788
5578877888743578888888742578887888742588888888742588887788742588877788
6788877888743578888888753578887788743688888888753468887788743578877788
3467887887643468887888863368888888863368887788763368888888863368888888
3568888887643468888876654468888887554568888887644578887788764468887777
6678888754455678888876534678888887544678888888888788778887534678877777
7888888764346788888765335788778886435788888888888887777754346888777766
6788888765335788888775213578888887654467778888888888886545678888887544
6788887643457788888763124678888888753234678888888876543346788888875323
7788877643467878887753111357888888877532234556665421124677888888775212
7788877654356777778753210134677888888877753221112234678877888887763102
7888887642367888888752100011477888887778888888888888888888888876420003
