0000378888888888888888888788888888653200013678888887644567888888763110
0015888888776543211223456788888888877653102477888887764467888888765444
0168888887642234455555444556677888888875222467788888863357888888876444
0688888875455567888888888765435788888888653235788888886423678888888754
4888887643577888888888888886423688888888753247888888874236787888887644
7888886435788888888888888888743467888888875456888888875456777788887654
8888887545788888888777888888886446888877887535788888887534788877888754
8888887654568888888755667888887755667877888765567887788765567887788876
8888888887666678888888756668888887654678888888754678888888754578888788
8888888888887655678888887665688888887665678888887765578888887665678778
8888876787888765557888888876457888888875456788788875357888888886447888
8888876888888765435788888767645788888765556788888875666788888887556788
8888877788877555557888888875457788888876557888888888888888888875456788
8888888888887655567888887765556788888874457888888888888877877654577888
8888887888887664457888887764335788888877655677888888888888876567788888
8888877788887654567888887763245788888888765456788888888876444467888888
8888887888876555678888887642113567888888776533455556665322245677888888
8888877788877665566777788753211245678888888877653222112345677777888887
8888877888887665567888888753100013578888888888888888888888888888888876
