2222478888888888810000000000000000000000122222226888888887315888888888
2225888888888887401111222111100000000000001222226888888887315888888888
2268888888888752133432111111221100000000000122226888888887315888888888
2688888888875224678888500000011221000000000012226888888887315888888888
5888888888731378888888600000000122100000000002226888888887315888888888
7888888888314888888888300000000002210000000001226888888887315888888888
8888888886227888888888510000000001220000000000226888888887315888888888
8888888885138888888886220000000001220000000000226888888887315888888888
8888888885138888888886220001111001220000000000226888888887315888888888
8888888885138888888886221467777630220023443100226888888887315888888888
8888888885138888888886226888888884221688888751216888888887315888888888
8888888885138888888886127888888887226888888887326888888887315888888888
8888888885138888888886127888888887215888888888778888888887226888888888
8888888885138888888886226888888888512788888888888888888883138888888887
8888888885138888888886123888888888841268888888888888888731378888888884
8888888885138888888886121488888888886213678888888888764225888888888862
8888888885138888888886122258888888888763223456666654223578888888888622
8888888885138888888886122214788888888888764433321124578888888888885222
8888888885138888888886122221368888888888888888400278888888888888731222
