7776666666666666666666666666667777777777778751477777777774444444444431
6655555555555555555555555666666677777777788884047777777775344444444444
5444445555555555555555555555556666777777788887106777777776134444444444
4444444444444444444444444444445556677777888888303777777777202444444444
3333333333333333333333333333444455567778888888502777777777200144444444
2222222222222222222222222233333445567888888888723777777777200013444444
2222222222222222111122222222223456777888888887755777777776100000134444
1111111111111111111111111112356777777788888887776777777774000000002444
1111111111111111111100013467777777777888888887866677777761000000000123
0000000000000000000013578888877777788888888888766677777510000000000000
0000000000000000000268888888777778888888888887666667764000000000000000
0000000000000000004888888888878888888888888766666766410000000000000000
0000000000000000048888888888888888887788763344544320000000000000000000
0000000000000000178888888887877777777875200000000000000000000000000000
0000000000000000488888888877777777777521100000000000000000000000000000
0000000000000000588888888777777777775332111100000000000000000000000000
0000000000000000488888888867777777765433222111110000000000000000000000
0000000000000000388888888856777777766554332222111111111111111111111111
0000000000000000178888888876777777776665544333222222111111111111111111
