8888888887568888888887555556520000000000000000000000000000000000145555
8888888887568888888887555553000000000000123344444443210000000000002555
8888888887568888888887555530000000000024554322222234554210000000000155
8888888887568888888887555300000000001464210000000000013553000000000015
8888888887568888888887554000000000025520000000000000000146410000000003
8888888887568888888887552000000000265100000000000000000004640000000000
8888888887568888888887551000000000462000000000010000000001562000000000
8888888887568888888887551000000001551000000000451000000000463000000000
7888888885568888888887551000000001551000000001562000000000463000000000
1577777622568888888887551000000001551000000001562000000000463000000000
0001211002568888888887550000000001551000000000562000000000463000010000
0000000002568888888887552222100001551000000000562035666520462146676530
0000000001557888888888778887741002650000000001553688888885454688888886
1000000000456888888888888888885015620000000002557888888888656888888888
3000000000045678888888888888884156300000000004557888888888656888888888
5200000000003566788888888888764552000000000035557888888888656888888888
5510000000000124566777777766654200000000000255557888888888656888888888
5552000000000000123344556543210000000000003555557888888888656888888888
5555410000000000000000014773000000000000245555557888888888656888888888
