0146888888888888888888888888888888888741000002578888887643467888887643
2688888888888764321111123467888888888875200013578888877633577888887643
6888888888764101345565554211257888888887620002578888887632478888887754
7888888886411357888888888874102578888888762001578888887522478888888753
6788888873137888888888888888741147888888874101578888887632478888888763
7788887621478888777888888888874114788888886312577888887633578888887653
7778887414788888887778888888876214788888887413688888887533577888887654
7777776336888888886425788888887414788888887414688888887424678888887643
8888776225788888875215788888876325788888886314788888887424788888888753
8778775236888888876336888888886314788888886424788888887425788888888765
7788776226888788886326888888886315788888887424788888886425788888888777
8778776435788788876325788888876325788888887424788888887523688888877776
8778886325788888876325788888887413688888888877888888886425788888888765
8777886335788888876314688888887521478888888888888888775225788888887765
8887876224788888886301478888888863126777888888888888642367888888777653
8888874125788888876300257888888886311467888888888764223678888888765322
8888875212688888877410025788888888764211245555543211357888888888863212
8888876424788888887300013578888888888764322111234567888888888887543233
8888876435788888875200001246888888888888888888888888888888887642111111
