0000000000000000000000000011111122222223456677888888888888888888888888
0000000000000000000011112222233333444556677888888877665544334456677888
0000000000000000000001111112222333455677778888777655444555555444445677
0000000000000111111111211222222233455667777777766655556666677777665667
0000000000000001111122233333444455667777888887777777777777777778777666
0000000000000111122333444455555555666777888888877777788888888888887777
0000000000000000011223333444444444456677888887777777888888888888888877
0000000000000000000111122233445556667778888877766777888776666788888888
0000000000000000001111223344555566667778888877776677777777777777777777
0000000000000111111122222222333344566778888887776677888777667777888877
0000000000000000011111122222233344556677777777666666777666666677777777
0000000000000000011122222333333333455677777777777777777665555677778887
0000000000000001111111111111112234456666777776667777776655566677777777
0000001111111111222222222333333334455666666666666666665554455566666777
0000000000001112222333333334444444556677778877766666666655555556677777
0000000000111111111111111112222334456677777776666667777665544556777887
0000000000000000000011112222333345667788887776666667777654433456677788
0000000000000000000001111122222334456778888877666667777665433334567778
0000000000000000000111122233333334455667777777777777777765433334567788
