1110133333333333333333333333333333333333210011102333333333102333333333
1112333333333333322111111112233333333333331000102333333333102333333333
1133333333333321111222222221111233333333333201102333333333102333333333
1333333333332111233333333333321012333333333320102333333333102333333333
2433333333310133333333333333333210233333333331002333333333102333333333
3333333333211333333333333333333331023333333332002333333333102333333333
3333333332113333333333333333333332013333333333102333333333102333333333
3333333332013333333332113333333332013333333333102333333333102333333333
3333333332013333333332013333333332113333333333102333333333102333333333
3333333332013333333332013333333333113333333333102333333333102333333333
3333333332013333333332013333333333113333333333102333333333102333333333
3333333332013333333332013333333333113333333333112333333333102333333333
3333333332013333333332013333333333102333333333333333333333102333333333
3333333332013333333332002333333333201333333333333333333331013333333333
4433333332013333333332001333333333320123333333333333333310133333333332
3333333332013333333332010233333333332101233333333333321112333333333321
3333333332013333333332011023333333333321111222222221111233333333333210
3333333332013333333332011102333333333333322111111112233333333333332101
3333333332013333333332011110123333333333333333333333333333333333310011
