0002578888888888888888888888888888888876310000147888888875336888888887
1247888888888876654211122345688888888888763100158888888874237888888876
1588888888887531134455655431245688888888885210257888888873137888888886
3788888888764224688888888887641157888888887510257888888874126888888887
6788888886423688888888888887874126888888888621378888888751158888888886
8778888863258888888888888888887323688888888742378888888753368878888886
8887888742478888888877888888888742588887788752478888888852268887788875
8888888741378888888752478888888752478887788863378887778863368887788865
6888888885237888888885137888888885138888888886227888778886127888778887
7888888887415888888888514888888887425888888888622788877888524788877888
4678888887423688888888622688888888732588877888721588888888732588888888
4688888887521688888887522588888888522688888888632688887888742578887778
6788888886314788888888501688888888621688888888888888877888611678887788
6788888887523688888888521578888888841378888888888888888886313788887778
4678888887522578888888730147888888876324788888888888888874347888888875
3678888887423578888888630146888888888531256888888888875322468888888873
5777888887423688888887531003678888888886322245556654310146778888888862
4677888887533567777788642000246788888888877532211112336788878888888631
3578888887633578888888731000013678888888888888888888888888888888876300
