8888888887532344566666665543246888888888775212222222210011110122566665
8888888631135666666666777666421368888888878621222222211011101235666666
8888863124666666666666666666665313788888877862122222221011011356666666
8886312466666666666666666777777741278888877783122222221111114666666666
8741246666666666666544677777777774148888877785122112221110146666666665
5224666666666666532223688888888873148888777885111111221101466666666654
1356666666666653222336888888888841378877777883111111211015666666666531
5666666666665332233358888888888413787777788851111111210156666666665204
6666666666533222333488888888884137877778888621111112101566666666651158
6666666664332223333688888888850178777788886211111111015666666666511588
6666666533322233333788888877721587777777862111111210256666666664116888
6666653333222233323788887778622777777777621111111113666666666630278888
6665433332222333223788877788623777777777511111111256666666666303788888
6643333322222332222788777888732677777776521111134666666666652158888888
4333333322223222221488778888862576666666654334566666666666412688888888
3333333222222222222268778888886466666666666656666666666652137888888888
3333332222111222222237878888888756666666666666666666665312688888888887
3333322221101222222223787888888886566666666666666666532257888888888864
3333222211000122222222368888888888765566666666666553225787788888887543
