0003578888888888888888888888888888888876420000247888888875336788888887
2237888888888877654321112345688888888888764200147888888875336888888887
1478888888887642134445655542244678888888886310157788888874126888888887
3578888888875323578888888888763136788888888631136788888886314788888887
6778888887632577888888888887886313788888888751147888888874127888888887
8877888886225888888888888888888632368888888874147888888875236887788887
8887788885137888888887788888888884148888778886237888888886216888778888
6888888885127888888886237888888886127888778887326888777887326888777887
5788888887426888888887316888888887316888888888415888877888314888877888
7888878887415888888888515888888887425888888888523788877888534788877887
4678888887324788878888513788888888623688877888622688888888622688888887
4688888887413788888886413688888887423688888888533788887888633688887788
6788888875225788888887303788888888622688888888887888878888413788877788
7888888886315788888887413688877888621588888888888888778874125888877787
6788888886314788888887410378888888864247788888888888888753368888888763
5788888875225788888886300368888888886312468888888888754223688888888751
6778888875226888888886310026788888888863222455566553101367788888888730
6778888876324677777887421002467888888888775322111123357888788888887310
5788888876325788888887410000026788888888888888888888888888888888863100
