6667410000000000000000000000000000000000257666667888888888667888888888
6663000000000000124455555543210000000000004766667888888888667888888888
6620000000000135665332222345664200000000000366667888888888667888888888
6200000000003664200000000000125752000000000047667888888888665788888886
3000000000157510000000000000000267300000000005667888888888672156777641
1000000000574000000000000000000016720000000002767888888888673000111000
0000000002761000000000100000000003750000000001667888888888673000000000
0000000003750000000002650000000002661000000001667888888888673000000000
0000000003750000000002761000000002661000000001667888888888673000000000
0000000003750000000002761000000001661000000001667888888888673000000000
0000000003750000000002761000000001661000000001667888888888673000000000
0000000003750000000002760000000001661000000000567888888888673000000000
0000000003750000000002761000000000673000000000068888888887672000000000
0000000003750000000002772000000000376100000000058888888877740000000001
0000000003750000000002775000000000037620000000014778877677500000000004
0000100003750256665302767300000000002675200000000012335663000000000026
0356766413755888888864666730000000000025665432222334565310000000000267
6888888864668888888887666674000000000000123455665554210000000000003666
8888888887678888888887666667520000000000000000000000000000000000147666
