7888888888888888888888888888888876421000136888888875456778888876421012
7888877787753321122224677888888887654201235788777765555677888776532235
8888877664322455665555433567788888877531124678887877655567888877755445
7888876444457888888888765556678888888764335678888887544677888876543345
7888877656888888888888887755567788888875325777888887544577888887753224
7888764566777788888888888887644688877887654567888888755567788888776422
8887654678888888888888888887655678888887644678888888755556788887765334
8887656788888887665678888887555567888887556767888887534677888887644455
8888645788888888744688887887654688888887655688888888655577888887654444
8878876557788888865567788888876666788888876667888888876567788888887656
8788888776566778888876666778888876666778888766666778888866676678888767
7766788877876666678778877666678877877665678888876665578888887665567888
7754578887788863357888888875347887788885346888888887778888888875357887
7754567888777776545788888886435788888887632468888888888877888875346788
7754467888887876324788888887422578888888863246888888888778887743467888
7534578888888753347888888764323578888888764346678888888887544446788888
5433467888888875236788888776422257888888876665433455554443224677888888
5544567888888765456788888775200245788888888888754322112345667888888888
1012368888888765456788888875310012357888888878888888888888888888888876
