5555310000000000000000000000000000000000245555557888888887546888888888
5552000000000000123344444432100000000000003555557888888887546888888888
5410000000000124543322112234443100000000000255557888888887546888888888
5100000000002553100000000000124541000000000035557888888887546888888888
3000000000045310000000000000000245200000000004557888888887546888888888
0000000000353000000000000000000014520000000002547888888887546888888888
0000000001541000000000000000000002540000000001457888888887546888888888
0000000002540000000001440000000001551000000001457888888887546888888888
0023332002540000000002541000000001551000000001457888888887546888888888
3688888632540245654302541000000001551000000001457888888887546888888888
8888888885544888888863540000000001551012343210447888888887546888888888
8888888886458888888886440000000001551378888874557888888888553588888874
8888888886458888888887441000000000453788888888878888888887551024554310
8888888886458888888887452000000000255788888888888888888886530000000001
8888888886458888888887454000000000035578888888888888888765300000000003
8888888886458888888887455300000000002456778888888888876542000000000015
8888888886458888888887455520000000000023455667777766543210000000000145
8888888886458888888887445553000000003566766555544332210000000000002555
8888888886458888888887444455410000058888778873100000000000000000135555
