8888888888888888888888888888888888888888888888888888888888878888888888
8888888888888888888888888888888888888888888888888888888888878888888888
8888888888888888888888888888888888888888888888888888888888878888888888
8888888888888888888888888888888888888888888888888888888888878888888888
8888888888887888888888888888888888888888888888888888888888878888888888
8888888888878888888888888888888888888888888888888888888888878888888888
8888888888888888888888888888888888788888888888888888888888878888888888
8888888888788888888888888888888888888888888888888888888888878888888888
8888888888788888888888788888888888888888888888888888888888878888888888
8888888888788888888888888888888888888888888888888888888888878888888888
8888888888788888888888888888888888888888888888878888888888878888888888
8888888888788888888888888888888888888888888888888888888888878888888888
8888888888788888888888888888888888888888888888888888888888888888888888
8888888888788888888888888888888888878888888888888888888888788888888888
8888888888788888888888888888888888887888888888888888888887888888888888
8888888888788888888888888888888888888888888888888888888888888888888888
8888888888788888888888888888888888888888888888888888888888888888888888
8888888888788888888888888888888888888888888888888888888888888888888888
8888888888788888888888888888888888888888888888888888888888888888888888
