3000246788888888888888888888888777888887741100012578888887632467888887
2113677888887788764322111223577888888887764310123578777776534567788877
2125778888877764211245666554322357788888887531113567888887643467788877
3235788888876433456788888888764323578888888764213678888877543467888876
4457888888765456888888888888777644567888888753125778888875335678888876
6677778886434577777888888888888875346888778875335678888876434678888887
7777788764357888778878888888888764457888888764356788888765545578888766
7777888644678877888754467888888654557788888644566788888643467888888653
8888888633688888888633678877888633688888888633688887888643467887887643
8877788753478877888643578888888863478877888753578888888753478887788876
8877788852478877888852478888888852478888888752478888888753578887788755
8877788863368877788864468887788873258888888864358888888873257888888765
8877788753368888888864357887888874257887888888778888888764268887778888
8888787753368888888763347888888875324788888888888887788742368888777877
8888888752257888888863136888888888522478778888888888776434688888887656
8888887633478888888753124688888887753346788888888876433457888888876445
7888888764236888888765311258888888877654323555555443114678888888887521
7888878875336788888886310135678888888888755422111234567778778888886322
6888888875445788888887420000245788888887888888888888888888888888763000
