4444577777777777777777777777777777777777654444446777777777546777777777
4446777777777777765555555556677777777777775444446777777777546777777777
4467777777777765445666666655445677777777777644446777777777546777777777
4677777777776445677777777777765456777777777754446777777777446777777777
6777777777754577777777777777777644677777777775446777777777446777777777
7777777777545777777777777777777774467777777776446777777777446777777777
7777777776447777777777777777777776447777777777446777777777446777777777
7777777776457777777776457777777776447777777777446777777777446777777777
7777777776457777777776447777777776447777777777446777777777446777777777
7777777776457777777776447777777776447777777777446777777777446777777777
7777777776457777777776447777777777447777777777446777777777446777777777
7777777776457777777776447777777777447777777777546777777777446777777777
7777777776457777777776447777777777446777777777777777777777446777777777
7777777776447777777776446777777777644777777777777777777775457777777777
7777777776447777777776445777777777754467777777777777777754577777777775
7777777776457777777776444577777777776445677777777777765446777777777764
7777777776457777777776444467777777777765445566666665444677777777777644
7777777776457777777776444445777777777777766554444555677777777777776444
7777777776457777777776444444567777777777777777777777777777777777754444
