5678888888888888888888888888888888764210012467888887764457788888874211
8888888888776543211223456788888888887653102477888888754567888888765444
8888888876533344455554434566678888888863223567888888743478888888764334
8888887654445678888888877644467888888875333467888888753357888888875445
8888764456788877888888888742368888888875324788888887523678888888764457
8887643578888878888888888864346788888887545788888887545677777888765567
7888744688888888877888888887544688887888644688888888743578887788865567
8888754567888888765666888888765567888778765566788778776556787778876667
6788888766666788888776666788888766557888888776557888888776556788888877
5678888888875567888888876567888888766667888888776546888888875567787788
4445678888887555678888888754678888888655678877888644688888888754688888
5444578888887643578888876665578888876555578888887656678888888765678888
3346678888765555678888887644678888887655678888888888888888887644678887
2356788888876555678888887554578888888744578888888888888778776545788887
3235677888877644567888887753246788888776655677888888888888875567788888
5433567888887654567888887753245788888888765456788888888876544457888887
4445677788877654577887887653112467888888877543445555665422235677888888
4323457788887665556777778764310134577888888877753222112334678877888887
1002357788887766556788888874200011357888888888888888888888888888888887
