8888888886457888888886444444410000000000000000000000000000000000134444
8888888886457888888886444443000000000000012333443332210000000000002444
8888888886457888888886444420000000000013443322111223443210000000000144
8888888886457888888886444200000000001343210000000000013442000000000014
8888888886457888888887443000000000024410000000000000000135300000000002
8888888886457888888886442000000000244100000000000000000003530000000000
8888888886457888888886441000000000442000000000000000000001441000111000
8888888886457888888886441000000001441000000000341000111000342157777751
8888888886457888888886441000000001441000000001441256777641344788888887
8888888886457888888886440001221001441000000000444788888886446888888888
8888888886457888888886441467887631441000000000446888888888546888888888
8888888886458888888887446888888884441000000000446888888888546888888888
7888888885447888888888788888888886440000000001446888888888546888888888
3678888740345888888888888888888875420000000002446888888888546888888888
2023332100034578888888888888888754200000000003446888888888546888888888
4100000000002456788888888888775431000000000024446888888888546888888888
4410000000000123456677777665445555553100000244446888888888546888888888
4442000000000000112333445556678888888610003444446888888888546888888888
4444310000000000000000013788888888888840134444446888888888546888888888
