5567888888887677888888888888888887632355555555552111345777777755666788
5788888888766788888888888888888888875335555555555212446777777655766788
7888888887667766665556666778888888887644555555555313557777777556767888
8888888886556566677777652246788888888765555555555414457777776557667888
8888888852367777777777555665567888888766655555555524467777776567678888
8888888513677777777775567888655888888766755555555535577777775576678888
8888885136777777777755688888855688887667865555555545677777765576688888
8888862367777777776556888888865588876678875555555445677777765666788888
8888743577777777763268888888875577666788875555555345777777755666788888
8887524677777777642268888888886456677888885555554356777777755667888888
8886335777777776532468888888886126788887777555542467777777655667888888
8875356777777765423557888888876326887777777655534577777777654678888888
8754457777777755323656888888766765687777777776555777777776535678888887
8654567777777654224665688888666886567777777765557777777765456788888886
7555567777777553225665578888667888755777776555677777777656667888888875
5665577777776553225665556888667888887666765567777777766677678888888755
5655677777765642224665555678766788888877777777777777777876778888887556
7655777777655632223565555557876678888888888877777788887767788888865564
7655777777556522222455555555677667888888888888888888877678888887555542
