7777777777887766432222222334556776666666665201111110011111122222344455
7777777777764433344556776653211246666666666621111111000111111222334555
7777777644444566777777888877764224666666676651000111111111112223334455
7777653335777777777777888777777776667777665562000000011222222233344455
7654335667777777777777887777777777667777766553000001111223323334444545
5334567667776666666666777777777777777777777652000011111223343344445555
4566666667776666665554554577777777787777777751011111122223444444555555
6666666666776655544433432247777777887777777762121112222333455445555556
6666666666665544433322322115777777887777777775222222333444555555555556
6666665555554433322222221104777777887777777776433333344444565555556666
6665555544543332221111210004777777887777776666554444444455666555666666
6555544444432221111111110003777777887777776666655444555555666566666677
5554443333332111111100000003777777877777766666665555555556676666667777
5443333222222111100000000004777778877777766666766566666666676666777777
4333322221122110000000000004777788777777766667776666666666777777777777
4322222111111111000000000002777877777766677677776666666666787777777777
3322111110000011111110001111687777777776556677776666666777787777777777
3321111000000000001111111111167777777777766777777677777777787777777766
3222211111111111100011111111015777777777788888887777777777787777766544
