0000000000000000000000000000000000000000000000000000000000000011111111
0000000000000000000000000000000000000000000000000000000001111122222233
0000000000000000000000000000000000000000000000000000000000011111111222
0000000000000000000000000000000000000000000000000000011111111112222223
0000000000000000000000000000000000000000000000000011111111222222222223
0000000000000000000000000000000000000000000000000001111112222333344444
0000000000000000000000000000000000000000000000000000111111111122222222
0000000000000000000000000000000000000000000000000000000000011111222223
0000000000000000000000000000000000000000000000000000000111112223333444
0000000000000000000000000000000000000000000000000000111112222222223333
0000000000000000000000000000000000000000000000000000000011111111111111
0000000000000000000000000000000000000000000000000000000111111222222222
0000000000000000000000000000000000000000000000000000011111111111112222
0000000000000000000000000000000000000000000011111111111111112222222222
0000000000000000000000000000000000000000000000011111111222222233333333
0000000000000000000000000000000000000000000000001111111111111111122233
0000000000000000000000000000000000000000000000000000000111111111222222
0000000000000000000000000000000000000000000000000000000000111112222222
0000000000000000000000000000000000000000000000000000000111222223333333
