0000378888888888888888888888888888888888610135788888877544678888888631
0015888888888888754322222234678888888888873036788888876445778888887654
0168888888888742113456665532113688888888888546788888876335788888887543
0688888888884103688888888888752026888888888635788888876434788888887653
4888888888720278888888888888888510488888888668888888863247878888887544
7888888888203888888888888888888871058888888768888888864567777888887545
8888888886017888888888778888888884018888888658888888874247888778887545
8888888884028888888886127888888886017888888755788877887655788777887666
8888888884028888888885017888888886017888888876457888888875447888878887
8888888884028888888885017888888886007888888888776557888888765567877778
8888888884028888888885017888888886006888888878888534788888888644788888
8888888884028888888885017888888887006888888888887555578888888765578888
8888888884028888888885017888888887105888888888888888788888887644578887
8888888884028888888885005888888888501788888888888888888788766545788887
8888888884028888888885002888888888840168888778888888888888865677888888
8888888884028888888885000488888888886102578757888888888765444567888888
8888888884028888888885000048888888888852112333455566654212356777888888
8888888884028888888885000003888888888888764577632221122346777778888887
8888888884028888888885000000268888888888888888888888888888888888888876
