3332222223652222222223666666643333333444444444444333344433333333357777
3222211113541111111112555554222222333333455666666665543333332222224667
2221111102541111111112555531112222233346776655444556776533322222222366
2211111002430000000002445311111222224676543333333333345764222211111136
2211110002430000000002454111112222247743334333333333333357522111111124
2211110002430000011112553112222222477433444433333333333335641111111122
2211110002430011111113552222223333675344444443443333333323562111111122
2211110002441111112223663333333334775444444444674333333322553111111122
2211110002441111222224763333334444785444444444775333333222453111111122
2211110002541122223334774444444444785444444444775333332221452011111122
2211111002541222333335874444444444774444444334774333222211452000111122
2211111102542223333334774444444444774444333333674222221111442000111122
2211111112552223333444444444444435874333333333663221111111342000111122
3221111111464223333444444444444347753333332223653111111100342000111122
5222111111246533334444444444433477533333222224552111110000342000111122
6322222122224675433344444333456764333322222135552111110000342001111122
7632222222222356776655555566776533333322222355552111111111452111111222
7764222223333333456677777766543333333333224665553111111111453111122223
7777643333333344444444444444444444333333467666664222222222564222222333
