4444200000000000123345555543321000000001111222223344556666777777777888
4443000000002356788888888888887531000000111212223344556667777777777888
4441000012468888888888888888888887520001111122233445566677777777778888
4420001478888888888888888888888888874101111222333445566777777777778887
4410257888888888888888878888888888888621112223334455666777777767778887
4215888888888888877776677778888888888873112233344455667777777766788877
4478888888888877677777777777888888888888522333444556677777777656778777
6888888888887767777777777777778888888888874334455567777777777557777777
8888888888777777777777777777777888888888887655556677777777776567777777
8888888887777777776777777777777788888888888877777777777777875577777777
8888888777777666666666666777777788888888888888888877777778755777777777
8888887777766666666555544457887777888888888888888888888887556777777777
8888877777666666655544433222468877778888888888888888888764367777777777
8888777666666665554443322111112678887777778888888887653224777777777776
8887776666666655544433221111100266777777777766644321123577777777777754
8877766666666555444332121111000046666666666543223345677777777777776544
8777666666665554443332211110000015766666677777777777777777777777754444
7777666666655544433322211100000001477777777777777777777777777775444444
7666666665555544333222111000000000025777777777777777777777776544444444
