0000378888888888888888888888888888888888510000005888888887105888888888
0005888888888888753221112234678888888888873000005888888887105888888888
0168888888888741012455655432112588888888888400005888888887105888888888
0688888888884003678888888888752026888888888830005888888887105888888888
4888888888720278888888888888888500488888888871005888888887105888888888
7888888888203888888888888888888861058888888885005888888887104888888888
8888888885017888888888778888888884017888888887005888888887104888888888
8888888884018888888886127888888886007888888887105888888887104888888888
8888888884028888888885017888888886007888888887105888888887104888888888
8888888884028888888885017888888886005888888886005888888887104888888888
8888888884028888888885017888888886000467887641005888888887104888888888
8888888884028888888885017888888886000001221000116888888887104888888888
8888888884028888888885017888888887100000000000178888888887006888888888
8888888884028888888885005888888888400000000000178888888882028888888887
8888888884028888888885002888888888840000000003788888888720278888888884
8888888884028888888885000488888888885100000005888888763004888888888860
8888888884018888888885000048888888888752100000345543101478888888888610
8888888884018888888885000003788888888888764322111223568888888888885000
8888888884018888888885000000168888888888888888878888888888888888620000
