8888888886557888888887555555420000000000000000000000000000000000135555
8888888886557888888887555553000000000000012344444433210000000000002555
8888888886557888888887555520000000000023544322112233454210000000000145
8888888886557888888887555300000000001454210000000000013552000000000015
8888888886457888888887554000000000025520000000000000000145410000000003
8888888886557888888887552000000000254100000000000000000003530000000000
8888888886557888888887551000000000452000000000000000000001552000000000
8888888886557888888887541000000001551000000000451000000000452000000000
8888888886557888888887541000000001551000000001452000000000452000000000
8888888886557888888887541000000001551000000001452001222100452024565420
6888888874557888888887540012210001551000000001452367888751453588888885
1467776512558888888887554677876301551000000000455888888887556888888888
0001110001557888888888778888888842540000000001557888888888546888888888
1000000000356888888888888888888864520000000002557888888888546888888888
3000000000045678888888888888888755300000000004557888888888546888888888
5100000000002456788888888888776542000000000035557888888888546888888888
5510000000000124556677777666543100000000000255557888888888546888888888
5552000000000000122344455555654310000000003555557888888888546888888888
5555310000000000000000013787458873000000145555557888888888546888888888
