4444444444310000000000000000000000001112223344556666666677888887888544
4444444444100000000001111111000000001111223344556666667677888887887444
4444444441000001235566676666543210001112233444556666677777888887786444
4444444420002457777777777777666654100112233445566666677778888888885444
4444444201367777777777777766677777765543344455566667777778888888874444
4444443136877777777777777777777777788887766666666677777788888888864444
4444443687777777777776556777777777777777777777777777777788888888854444
4444457777777777775311147777777777777777777777777777777888888888744444
4444687777777776311356788888887777777777777777777777667888888888544444
4446877777777741157888888888877778887777777777777765788888888885444444
4457777777777303788778888888888888888777777777777657888888888754444444
4468777777773048877778888888888888888888888887777788878888887344444444
4577777777861278777777787655556788888888888888888778778788851144444444
4587777777853587777777765443212234678888788888888777788886300344444444
4687777777743787777777765433222110012467888888888888887530000344444444
4787777777734777777777665433222111000002356778888776531000001444444444
4788777777734777777777665533222111000000000112222110000000002444444444
4788777778634777777777665533322111110000000000000000000000003444444444
4788887788634777777777665533322211110000000000000000000000003444444444
