4444445688888888878887654333333456777777777776200000000000000000000000
4444568888888888887655555555543211246777777777730000000000000000000011
4446888888888888765567778888888876432467777777761000000000000000000111
4678888888888876566777777777788888887667667777773000000000000000001111
7888888888887555677777777777788888888888766666674000000000000000111122
8888888888765567777777777777788888888888887666673000000000000001111223
8888888876556777777777776667777888888888888666650000000000000111122233
8888888655667766666666666666677777888888888755410000000000011112223444
8888875556666666666666555445677777788888888731000000000001111222344455
8887655666666666665554444334567777788888888400000000001111122234445556
8876566666666666555444333334567777788888888300000011111122233445556666
7666666666666555544433332224567777788888888311111111122233445566666666
7776666666655554443333222223467777788888888422222222333445566666666777
7776666555555444433322221112677777788888778743333344455566666677777777
7766555555554443332222111104877777788887777776655666666667777777777665
7765555555444333222211111005777887778877777777777777777777777777765556
7765555544433322221111100005878888877788777777777777777777777765556778
7755554443332222111111000003877888887756787777777777777776655556778888
7755444333322211111100000000587788888873356777777777764334566778888888
