3333333333210134456666666666666654322112222444444555567656777777778401
3333333333344556666666666666666666666432222344444555567647777777777200
1233333335677766666666666666666666666666532244444555566468777777775000
0001233577777776666666666666666666666666665444444555565477777777772000
0000047777777777666665555334445666666666666665444555554677777777850000
0002576677777777665555555455443345677666666666655555445777777777710000
0046766667777776455555554456666665556777666666665554457887777777300000
1576666666776655555555554466667777655577766666666534578877777784000000
6666666667655555555555554566677777776544666666665346888888777850000000
6666666676445555555555544666677777777741256666544578888887778400000000
6666666664444555555555411445677777777775334444567888888887874100000000
6666666644334555555555301444467777777778776677788888888888621110000000
6666666543333555555555302444445777777777778888888888888874211111000000
6666665433333555555555303444444467777777777778888888887532211111100000
6666555333222455555555414444444444578888887888888887653332221211100000
6665554332222455555555524444444442156777777877776654433332222221111000
6655554332222355555555544444444442146666666655444444433333222222111110
5555553332222245555555556544444443015666666665544443333333332222211111
5555543322221125555555545655444444202556666655554333333333333332222111
