4555555555555554445555566667777777777776214777777777741234554443344444
4555555555443333444444455556667777777778731377777777762112245433344444
4444444433322233333333334444555677777777873147777777764112122333444444
3333333322222232233333333333344457777777786237777777665112222113444444
3333332222222222222222222222223336777777777456777777665111222100234444
3333322222222222222222222222222226777777787566777777564111222101112344
3333222222222222222221111111111147777777786567777776562111221001111123
3332222222222222222111111111101477777777875667777764531111221011111111
3322222222222222211111111111136877777778766666667533211112210111111111
3222222222222222111111101344577777777777666665553111111111210111111111
3222222222222221111111135554677777777777666665530122222222111211111111
2222222222222111111110355554677777777776666665302222222222112222221111
2222222222221111111102555555577777777766666552123322222221122222222221
3333332222111111111103555555566666777666665521333333332222222222222221
4444444433321111111103555555555556777777665313433333333223333333333222
4444444444443321101102555555555336777777775345444433333333333333333322
4444444444444443321001555555555411477777776555554444444444444444444443
4334444444444433443210255555555541047767776567666666666666666666666665
4332223444444333334432135555555565103677666656666666666667776666666666
