0035688888888888888888888888888888888764210012478888887754457888888864
2478888888888766543211223456888888888887642002578888888753467888888765
5788888888876421344456555423556788888888862113567888888742368888888864
5788888888644335788888888887642367888888876312467888888753247888888875
7888888875336788888888888888752258888888887313688888888632478888888864
8788888743478888888888888888875335788888887533688888888644578878888875
8877888743678888888877888888888633688887888643688888888742478887788865
8888888742478888888754578888888753578887788764478887778764478887788875
6788888887446788888887446788888887337888888887436888877887426888877888
6788888888744688888888743688888888644688888888753478887888744678877788
3467888888754478888888863468888888864468887788863368888888874368888888
3468888888653368888887655468888887644468888888754568888788864468888778
5678888876434678888888642478888888753478888888888788887888742477887778
6788888887544578888887643467887888863368888888888888878876433688887777
4678888887643467888888752146788888876544678888888888888875467788888875
3567888887533578888887651146788888888643356888888888875433467888888874
5677888876534678888887642112577888888876422345556655321136777888888863
4567888887544567777788643100245788888888877642221112335788878888888742
3578888887644578888888742000012578888888888888888888888888888888876420
