5555677777777777777777777777777777777777655555556777777777556777777777
5556777777777777766655555666777777777777776555556777777777556777777777
5577777777777765556666776665556677777777777655556777777777556777777777
5777777777776556777777777777765557777777777765556777777777556777777777
6777777777755677777777777777777655677777777775556777777777556777777777
7777777777656777777777777777777775567777777776556777777777556777777777
7777777776557777777777777777777776557777777777556777777777556777777777
7777777776557777777777557777777777557777777777556777777777556777777777
7777777776557777777776557777777777557777777777556777777777556777777777
7777777776557777777776557777777777557777777777556777777777556777777777
7777777776557777777776557777777777557777777777556777777777556777777777
7777777776557777777776557777777777557777777777556777777777556777777777
7777777776557777777776557777777777556777777777777777777777556777777777
7777777776557777777776556777777777655777777777777777777776567777777777
7777777776557777777776555777777777765567777777777777777755577777777776
7777777776557777777776555677777777776556677777777777766556777777777765
7777777776557777777776555567777777777766556666666666555677777777777655
7777777776557777777776555556777777777777766655555566667777777777776555
7777777776557777777776555555567777777777777777777777777777777777665555
