6666533333333333333333333333333333333333456666664333333333564333333333
6664333333333333344555555554433333333333335666664333333333564333333333
6633333333333345655444444445665433333333333466664333333333564333333333
6333333333334665333333333333345653333333333346664333333333564333333333
4333333333356533333333333333333466433333333335664333333333564333333333
3333333333565333333333333333333335643333333334664333333333564333333333
3333333333663333333333333333333334653333333333664333333333564333333333
3333333334653333333333653333333333663333333333564333333333564333333333
3333333334653333333334653333333333663333333333564333333333564333333333
3333333334653333333334653333333333663333333333564333333333564333333333
3333333334653333333334653333333333663333333333664333333333564333333333
3333333334653333333334653333333333663333333333563333333333564333333333
3333333334653333333334663333333333564333333333333333333333663333333333
3333333334653333333334664333333333465333333333333333333335653333333333
3333333334653333333334665333333333346533333333333333333356533333333334
3333333334653333333334666433333333334565433333333333334664333333333336
3333333334653333333334666643333333333345655444334445565433333333333356
3333333334653333333334666664333333333333344555555554433333333333334666
3333333334653333333334666666543333333333333333333333333333333333356666
