8888620000000000000000000000000000000000378888883000000001783000000000
8883000000000000135667776654210000000000015888883000000001783000000000
8720000000000147876433233456786300000000000488883000000001783000000000
8200000000004885210000000000136862000000000048883000000001783000000000
4000000000169610000000000000000378400000000006883000000001783000000000
1000000000695000000000000000000027830000000003883000000001783000000000
0000000002871000000000110000000004871000000001883000000001783000000000
0000000004860000000002761000000002881000000001783000000001783000000000
0000000004860000000003871000000002881000000001783000000001783000000000
0000000004860000000003871000000002882000000001783000000001783000000000
0000000004860000000003871000000002882000000001783000000001783000000000
0000000004860000000003871000000002882000000001672000000001783000000000
0000000004860000000003871000000001783000000000110000000001882000000000
0000000004860000000003883000000000487100000000000000000005950000000001
0000000004860000000003886000000000048720000000000000000169610000000004
0000000004860000000003888400000000003786310000000000025884000000000028
0000000004860000000003888840000000000136876433223345787410000000000278
0000000004860000000003888885100000000000134567777665310000000000003888
0000000004860000000003888888730000000000000000110000000000000000168888
