1111122222222333333344444555556666667777778888888887213444444444444321
1111111111122222222333333444555566667777776888888888600134444444444444
0000111111111111222222223334445556677777775688888888820001344444444444
0000000000111111111111222223344556777777777588888888840000013444444444
0000000000000000111111111122234577777777777788888888840000000123444444
0000000000000000000000011111257777777777777888888888820000000000123444
0000000000000000000000000003787777777777888888888888600000000000000122
0000000000000000000000123468877777777888888888888887100000000000000000
0000000000000000000024666787777777788888888888888861000000000000000000
0000000000000000001467666777777777888888888888886300000000000000000000
3210000000000000026777667877777788888888888887520000000000000000000000
4443200000000000277777767777778888888888887531000000000000000000000000
4444432000000001677777776777788888888888642101111110000000000000000000
4444444310000003777777777567888888888864221111111111111111111100000000
4444444442000005777777776127888888887533322222211111111111111111111111
4444444444310005777777776116888888887544333332222222221111111111111111
4444444444441005777777777106888888887655544433333322222222222222222111
0344444444444203777777777403888888887766655554444444433333333333333332
2024444444444431677777777720588888887777766666655555555554444444444333
