1111111111111111222222222223345565566666652278888888871000000000000000
1111111111111111111122222221122245666666663148888888883000000000000000
1111111111111111111111122334455556777766665127888888885000000000000000
1111111111111111111123467788888888777777666216888888886100000000000000
1111111000000000013578888888888777777777776116888888887100000000000000
0000000000000001478888888888888888888777774127888888886000000000000000
0000000000000026888888888888888777777766530168888888884000000000000000
0000000000000488888888888764322221111111124688888888871000000000000000
0000000000004888888888863112455667777766778888888888720000000000000000
0000000000038888888888423567777777888888888888888887200000000000000000
0000000000178888888884356667777777777788888888888751000000000000000000
0000000000488888888865655566777777788888888888864100000000000000000000
0000000000688888888756666555667766666777776653210000000000000000000000
0000000001788888888756666665554311111111110000000000000000000000000000
0000000001788888888656666666652000000000000000000000000000000000000000
0000000001788888888756666666665310000000000000000000000000000001112233
0000000001788888888766666666655553100000000000000000000011123344555555
0000000000688888888756666666655555543321111111111122334445555555555555
0000000000488888888866656666655555555555555555555555555555555555555555
