1111111113761123332113777777631111111222211112222111112211111111257777
1111111103761110000102777774111111111111234566666665421111111111113777
1111100003751000000002766730011111111136776543333446776421111111110277
1111000003750000000002667400111111113686421111111111235774111111111027
1111000003750000000002675101111111147731112211111111111268511111111104
1111000003750000000002773011111111387211222221111111111115751110001111
1111000003750000001102772111111111684122222221221111111112772000001111
1111000003750001111113762111111112783122222222673111111111673000001111
1111000003751011111113872111222212783122222212784111111111673000001111
1111000003761111111113872122222213783122222212783111111111573000001111
1111000003761111111113872222222213883122222212783111111111573000001111
1111000003761111111213762222222213883122211112773111111100573000001111
1111000002762111112222222222222214872111111112773111110000573000000111
1111110000575111112222222222222127841111111113773011000000573000000111
4111111111157521112222222222211378411111111115773000000000573000001111
7311111111114775321111111111236873111111111047673000000000573000001111
7731111111111246776543333456776321111111111377773000000000573000011111
7773111111111111245667777665321111111111114777773011111111573011111111
7778521111111122111122222211122222211111367777773111111111674111111111
