4678888888888888888888888887888888875211000247888888765466788888775310
6778888877887643221122236777888888877542101346787777765556678888765432
7888888777643212456655554334577888888876311235778888876545678888777544
7888888765444567888888888754456788888888653246788888876445678888766433
7888887776568888888888888877555677888888753247788888875445778888877532
7778887545667887888888888888875446888788875445688888876545678888887654
7788876446888888887888888888876556788888876446788888876555567888876643
7788875567888888875656788888875555688888864566678888874346788888875444
8888875358888888875347888778875457888888875457888888876456788888875444
8777887645788878887446788888888655688888888645788888887645788888888765
7887888875457888888886457888888886456888888876557888888876556788888766
6668887788865567877788765567887788866457888888766557888888865446788888
5467887778886336888888887435788788887534788888888777888888887536888778
4457888877876544788888887544678888888753357888888888888888886435788888
4457888888887423688888888622478888888874236787888888878887753457888888
4567888888864346788888865333467888888875335678888888887644545788888887
3457888888876325788888776532247888888887665533455555444323567888888888
4457788888875446788888876410135678888888888765422111234567788888888876
1247888888775446778888876421001246788888887888888888888888888888887653
