7776556777777777777777777777777532246677777777554223333310122222333322
7666677777777777777777777777778887532467777777655322223320022222222221
6667777777777776666777777777777777875356677777745422222221022222222221
6677777777776655566666667777777777778545667777754422222221022222222221
6777766666655455655555555666777777777865666776753322222221122222222221
6666666666544555555554444444567777777775566666631222222221122222222211
6666666664444444444444444333346777777787566665511322233331233333322211
6666655543334444444433333322224777777777566666401333333332233333333321
6655555433334443333333322222113777777777655556402333333332233333333322
5555555333334333333333222221114777777777655555303333333332333333334444
5555554332333333333332221211127777777777755555213333333333333344555566
5555554333333333333322212112346666777777655554113333333333344556666666
5555553333333333333322212113334666667766555554213433333344456666666666
5555553333333333333322211134343355555555555555313444444455555566666666
5555553333333333333322211134343334453466555555533454555555555555566665
5555553333333333333222211124334333343346666665554455555555555555543211
5555553333333333333222211114434433333101465555555544455555555432111123
5555554333433333332222211112443443333320024555555555555554432222334444
5555554433444443332222211111244444334443211245555555554443334444444444
