0000378888888888888888888888888887643100024678888887644567888888753100
0015888888888888754224567888888888876531014678888887644678888887754445
0168888888888742113554445566778888888742234677888887533678888888764444
0688888888884103688888877643467888888875323468888888742357888888875433
4888888888720278888888888742368888888875325888888887423687778888764456
7888888888203888888888888864346788888886545788888887546777777888765456
8888888886017888888888888887644688887788643578888888753478887788875456
8888888884028888888666788888775566788778776556788777876656788778886667
8888888884028888888876666788888876557888888876556788888876556778888887
8888888884028888888888877666788888776666788888877665678888876666778788
8888888884028888888888888876567888888875566787888875467888888886457888
8888888884028888888788888767645788888766655788888876666788888887656788
8888888884028888888888888876446788888876556788888888887888888876446788
8888888884028888888788888765555788888886446788888888888887877665457888
8888888884028888888788888776433578888887765557788888888888887656778888
8888888884028888888788888776323578888888876545678888888887654445778888
8888888884028888888787788764311246788888877653345555666542224567778888
8888888884028888888667778875331123557788888887775322211233567777788888
8888888884028888888778888886420001236788888888888888888888888888888888
