0000278888888888888888888888888888888888520000006888888888215888888888
0015888888888888754321112234578888888888883000006888888888105888888888
0168888888888741013455665432102588888888888400006888888888104888888888
0688888888884103578888888888752026888888888830006888888887103788888888
4777888888720278888888888888888500488888888871006888888887105888888888
8877788888203888788888888888888860058888888885006888888887105888888888
8887788885007888788888778888888884018888888887006888888887105888888888
8887788884028888888886027888788886007888888887106888878887105888878888
7887788885017888888885007888788886007888888887106888888887105888778888
8887778885018888888885017888888886017888888887106888878887105888777888
7888788884028888788885017888888886007888878887006888888887205888888888
7888888884018888888885017888888886007888888887216888778888104888777888
8888888884018888888885007888888887105888888888878888888886006888777888
8888888884018888888885005888888888401788888888888888888882028888887887
8888887884028888888885001888888888840168888888888888888720278888887673
6788888784028888888885000488888888885102578888888888863015888888888740
8778888884018888888886000048888888888852002455666543101478888888888500
7778888884016787777886200003788888888888754221111223568888888888885100
7888888884028888888885000000168888888888888888888888888888888888720000
