8888888888888888888888888888888876321000246888888775566778888875421000
8888877777653321122235777888888877553111335788777766556677888766432245
8888777654222456665555433567788888876421134678888877645567888877654445
8888775444567888888888765456788888888753236778888876545678888776533445
8888776567888888888888877555677888888753346778888875446678888877642234
8887545667787888888888888876446888888875555678888876555677888887664211
8876446788888887888888888876556788888876446788888876555567888876643344
8876567888888876666788888875566678888875467678888875346778888876434556
8887546888888887545788877876655788888887656788888887655678888886554445
8878776666788888765667788888876666778888876667788888876666788888887655
7888888776556788888876556788888887556788888876666788888876666788888866
7666888778876566787778876556778778876655778888876655688888876655678888
6545788877888743578888888753478877888864467888888887788888888753578888
6545678887777776457888888875456888888876434688888888888888888753367888
6544678888777863247888888885235788888888632478888888887888887544678888
3345788888887532478888888643235788888887643467788888888876555467888888
4444678888888763357888887764322478888888776655444555554443246778888888
5444577888888764467888888764101356788888888887654221112356678888888888
0013578888887654467888888764200013467888888888888888888888888888888876
