0000378888888888888888888888888888888887531000016888888887325888888888
2125888888888887654321112234578888888888875200016888888887215888888888
0278888888888742013445665542123578888888888410016888888886104788888888
1588888888875213578888888888763026888888888730016888888887203788888888
5778888888730378888888888888888500588888888872017888888886106888888888
8887888887204888888888888888888851158888888885016888888887216888788888
8888788886027888888888778888888885028888888886116888888887205888778888
7888888884028888888886127888888886017888878887216888778887216888778888
6888788886227888888886117888888886117888888887206888878887205888878888
7888778886117888888886117888888887117888888887305888878887315888777887
6788788885017888788886106888888887205888778887205888888888204888888887
7888888886017888888885016888888886106888888887306888888888304888877888
7888888874017888888885006888888887204888888888878888878887105888877888
8888888885017888888886104888788888501788888888888888888873027888877887
7888888884017888888886001788888888850158888888888888888740378888887663
7888888774017888888885000488888888885102578888888888753114788888888740
8778888874027888888885000047888888888852112455665542101478888888888610
7788888885026777788886200003688888888888764221111123568888888888886100
7888888884027888888886000000157888888888888888888888888888888888730000
