1111378888888888888888888888888888888888620111116888888887205888888888
1115888888888888754322222234678888888888873111116888888887205888888888
1168888888888752123456665542113688888888888411116888888887205888888888
1688888888884113688888888888752026888888888840116888888887205888888888
4888888888720378888888888888888510588888888882116888888887205888888888
7888888888303888888888888888888871058888888885016888888887205888888888
8888888886017888888888778888888885028888888887106888888887205888888888
8888888884028888888886127888888886117888888887106888888887205888888888
8888888884028888888885017888888886117888888887106888888887205888888888
8888888884028888888885017888888886117888888887106888888887205888888888
8888888884028888888885017888888886116888888887106888888887205888888888
8888888884028888888885017888888887116888888887216888888887205888888888
8888888884028888888885017888888887105888888888778888888887106888888888
8888888884028888888885005888888888501788888888888888888883038888888887
8888888884028888888885002888888888840168888888888888888730378888888884
8888888884028888888885010488888888886203678888888888863114888888888861
8888888884028888888885011048888888888853112456666543212478888888888611
8888888884028888888885011104788888888888764322222234578888888888885101
8888888884028888888885011110268888888888888888888888888888888888730111
