7777510000000000000000000000000000000000367777772000000000683000000000
7773000000000000134566666554210000000000015777772000000000683000000000
7720000000000136765433223346775200000000000477772000000000683000000000
7200000000004775210000000000136862000000000047772000000000683000000000
4000000000158510000000000000000377300000000006772000000001683000000000
1000000000585000000000000000000017830000000003772000000001683000000000
0000000002771000000000110000000003861000000001772000000000683000000000
0000000003860000000002761000000002771000000001782000000000683000000000
0000000003860000000003871000000002771000000001672000000000683000000000
0000000003860000000003761000000002771000000001672000000001683000000000
0000000003760000000003761000000002772000000001782000000001683000000000
0000000003860000000003761000000001772000000001672000000000683000000000
0000000003760000000003771000000001673000000000110000000001772000000000
0000000003860000000003773000000000386100000000000000000005850000000001
0000000003860000000003776000000000048720000000000000000158510000000004
0000000003860000000003777400000000002675210000000000125774000000000027
0000000003860000000003777730000000000135775432222345676310000000000277
0000000003860000000003777774100000000000124566666654310000000000003777
0000000003860000000003777777620000000000000000110000000000000000157777
